+0.0E+00,+540.332E-03
+100E-06,+841.839E-03
+200E-06,+821.739E-03
+300E-06,+861.940E-03
+400E-06,+942.342E-03
+500E-06,+882.040E-03
+600E-06,+982.543E-03
+700E-06,+922.241E-03
+800E-06,+942.342E-03
+900E-06,+721.236E-03
+1.000E-03,+620.734E-03
+1.100E-03,+419.729E-03
+1.200E-03,+218.724E-03
+1.300E-03,+138.322E-03
+1.400E-03,+98.121E-03
+1.500E-03,+118.221E-03
+1.600E-03,+138.322E-03
+1.700E-03,+57.920E-03
+1.800E-03,+98.121E-03
+1.900E-03,-2.382E-03
+2.000E-03,+57.920E-03
+2.100E-03,+37.819E-03
+2.200E-03,+17.719E-03
+2.300E-03,-2.382E-03
+2.400E-03,+57.920E-03
+2.500E-03,-2.382E-03
+2.600E-03,+17.719E-03
+2.700E-03,+37.819E-03
+2.800E-03,-22.482E-03
+2.900E-03,-2.382E-03
+3.000E-03,+17.719E-03
+3.100E-03,+57.920E-03
+3.200E-03,+57.920E-03
+3.300E-03,+118.221E-03
+3.400E-03,+138.322E-03
+3.500E-03,+138.322E-03
+3.600E-03,+138.322E-03
+3.700E-03,+238.824E-03
+3.800E-03,+258.925E-03
+3.900E-03,+279.025E-03
+4.000E-03,+299.126E-03
+4.100E-03,+198.623E-03
+4.200E-03,+218.724E-03
+4.300E-03,+319.226E-03
+4.400E-03,+299.126E-03
+4.500E-03,+319.226E-03
+4.600E-03,+540.332E-03
+4.700E-03,+781.538E-03
+4.800E-03,+781.538E-03
+4.900E-03,+922.241E-03
+5.000E-03,+942.342E-03
+5.100E-03,+1.022744E+00
+5.200E-03,+1.022744E+00
+5.300E-03,+882.040E-03
+5.400E-03,+982.543E-03
+5.500E-03,+882.040E-03
+5.600E-03,+620.734E-03
+5.700E-03,+500.131E-03
+5.800E-03,+339.327E-03
+5.900E-03,+379.528E-03
+6.000E-03,+218.724E-03
+6.100E-03,+218.724E-03
+6.200E-03,+178.523E-03
+6.300E-03,+238.824E-03
+6.400E-03,+218.724E-03
+6.500E-03,+218.724E-03
+6.600E-03,+218.724E-03
+6.700E-03,+218.724E-03
+6.800E-03,+218.724E-03
+6.900E-03,+218.724E-03
+7.000E-03,+178.523E-03
+7.100E-03,+299.126E-03
+7.200E-03,+218.724E-03
+7.300E-03,+279.025E-03
+7.400E-03,+178.523E-03
+7.500E-03,+218.724E-03
+7.600E-03,+299.126E-03
+7.700E-03,+339.327E-03
+7.800E-03,+339.327E-03
+7.900E-03,+258.925E-03
+8.000E-03,+218.724E-03
+8.100E-03,+158.422E-03
+8.200E-03,+379.528E-03
+8.300E-03,+620.734E-03
+8.400E-03,+701.136E-03
+8.500E-03,+781.538E-03
+8.600E-03,+821.739E-03
+8.700E-03,+882.040E-03
+8.800E-03,+861.940E-03
+8.900E-03,+962.442E-03
+9.000E-03,+982.543E-03
+9.100E-03,+922.241E-03
+9.200E-03,+861.940E-03
+9.300E-03,+640.834E-03
+9.400E-03,+459.930E-03
+9.500E-03,+198.623E-03
+9.600E-03,-22.482E-03
+9.700E-03,+118.221E-03
+9.800E-03,+98.121E-03
+9.900E-03,+17.719E-03
+10.000E-03,+57.920E-03
+10.100E-03,+118.221E-03
+10.200E-03,+17.719E-03
+10.300E-03,+57.920E-03
+10.400E-03,+57.920E-03
+10.500E-03,+37.819E-03
+10.600E-03,+98.121E-03
+10.700E-03,-22.482E-03
+10.800E-03,+57.920E-03
+10.900E-03,+78.020E-03
+11.000E-03,-22.482E-03
+11.100E-03,+78.020E-03
+11.200E-03,-22.482E-03
+11.300E-03,+57.920E-03
+11.400E-03,+57.920E-03
+11.500E-03,-2.382E-03
+11.600E-03,+57.920E-03
+11.700E-03,+158.422E-03
+11.800E-03,+138.322E-03
+11.900E-03,+238.824E-03
+12.000E-03,+138.322E-03
+12.100E-03,+158.422E-03
+12.200E-03,+178.523E-03
+12.300E-03,+238.824E-03
+12.400E-03,+218.724E-03
+12.500E-03,+319.226E-03
+12.600E-03,+299.126E-03
+12.700E-03,+279.025E-03
+12.800E-03,+299.126E-03
+12.900E-03,+520.231E-03
+13.000E-03,+620.734E-03
+13.100E-03,+861.940E-03
+13.200E-03,+942.342E-03
+13.300E-03,+942.342E-03
+13.400E-03,+982.543E-03
+13.500E-03,+942.342E-03
+13.600E-03,+942.342E-03
+13.700E-03,+982.543E-03
+13.800E-03,+982.543E-03
+13.900E-03,+841.839E-03
+14.000E-03,+540.332E-03
+14.100E-03,+419.729E-03
+14.200E-03,+339.327E-03
+14.300E-03,+279.025E-03
+14.400E-03,+218.724E-03
+14.500E-03,+218.724E-03
+14.600E-03,+218.724E-03
+14.700E-03,+158.422E-03
+14.800E-03,+138.322E-03
+14.900E-03,+158.422E-03
+15.000E-03,+218.724E-03
+15.100E-03,+158.422E-03
+15.200E-03,+218.724E-03
+15.300E-03,+218.724E-03
+15.400E-03,+258.925E-03
+15.500E-03,+299.126E-03
+15.600E-03,+299.126E-03
+15.700E-03,+258.925E-03
+15.800E-03,+339.327E-03
+15.900E-03,+218.724E-03
+16.000E-03,+299.126E-03
+16.100E-03,+279.025E-03
+16.200E-03,+218.724E-03
+16.300E-03,+218.724E-03
+16.400E-03,+299.126E-03
+16.500E-03,+379.528E-03
+16.600E-03,+540.332E-03
+16.700E-03,+681.035E-03
+16.800E-03,+781.538E-03
+16.900E-03,+922.241E-03
+17.000E-03,+902.141E-03
+17.100E-03,+922.241E-03
+17.200E-03,+1.022744E+00
+17.300E-03,+1.002643E+00
+17.400E-03,+982.543E-03
+17.500E-03,+882.040E-03
+17.600E-03,+620.734E-03
+17.700E-03,+480.030E-03
+17.800E-03,+218.724E-03
+17.900E-03,+158.422E-03
+18.000E-03,+138.322E-03
+18.100E-03,+37.819E-03
+18.200E-03,+98.121E-03
+18.300E-03,+57.920E-03
+18.400E-03,+57.920E-03
+18.500E-03,+57.920E-03
+18.600E-03,+17.719E-03
+18.700E-03,+37.819E-03
+18.800E-03,-22.482E-03
+18.900E-03,+17.719E-03
+19.000E-03,+17.719E-03
+19.100E-03,+17.719E-03
+19.200E-03,+57.920E-03
+19.300E-03,-2.382E-03
+19.400E-03,+98.121E-03
+19.500E-03,+57.920E-03
+19.600E-03,+57.920E-03
+19.700E-03,+37.819E-03
+19.800E-03,+57.920E-03
+19.900E-03,+57.920E-03
+20.000E-03,+138.322E-03
+20.100E-03,+37.819E-03
+20.200E-03,+178.523E-03
+20.300E-03,+198.623E-03
+20.400E-03,+218.724E-03
+20.500E-03,+218.724E-03
+20.600E-03,+178.523E-03
+20.700E-03,+299.126E-03
+20.800E-03,+299.126E-03
+20.900E-03,+359.427E-03
+21.000E-03,+218.724E-03
+21.100E-03,+279.025E-03
+21.200E-03,+299.126E-03
+21.300E-03,+540.332E-03
+21.400E-03,+741.337E-03
+21.500E-03,+861.940E-03
+21.600E-03,+942.342E-03
+21.700E-03,+1.022744E+00
+21.800E-03,+942.342E-03
+21.900E-03,+962.442E-03
+22.000E-03,+942.342E-03
+22.100E-03,+942.342E-03
+22.200E-03,+902.141E-03
+22.300E-03,+620.734E-03
+22.400E-03,+459.930E-03
+22.500E-03,+299.126E-03
+22.600E-03,+258.925E-03
+22.700E-03,+299.126E-03
+22.800E-03,+218.724E-03
+22.900E-03,+279.025E-03
+23.000E-03,+218.724E-03
+23.100E-03,+158.422E-03
+23.200E-03,+57.920E-03
+23.300E-03,+238.824E-03
+23.400E-03,+218.724E-03
+23.500E-03,+158.422E-03
+23.600E-03,+138.322E-03
+23.700E-03,+238.824E-03
+23.800E-03,+218.724E-03
+23.900E-03,+218.724E-03
+24.000E-03,+138.322E-03
+24.100E-03,+218.724E-03
+24.200E-03,+258.925E-03
+24.300E-03,+279.025E-03
+24.400E-03,+218.724E-03
+24.500E-03,+218.724E-03
+24.600E-03,+258.925E-03
+24.700E-03,+178.523E-03
+24.800E-03,+218.724E-03
+24.900E-03,+379.528E-03
+25.000E-03,+701.136E-03
+25.100E-03,+781.538E-03
+25.200E-03,+781.538E-03
+25.300E-03,+902.141E-03
+25.400E-03,+942.342E-03
+25.500E-03,+962.442E-03
+25.600E-03,+942.342E-03
+25.700E-03,+942.342E-03
+25.800E-03,+982.543E-03
+25.900E-03,+801.638E-03
+26.000E-03,+459.930E-03
+26.100E-03,+359.427E-03
+26.200E-03,+218.724E-03
+26.300E-03,+138.322E-03
+26.400E-03,+138.322E-03
+26.500E-03,+57.920E-03
+26.600E-03,+17.719E-03
+26.700E-03,+57.920E-03
+26.800E-03,+57.920E-03
+26.900E-03,-22.482E-03
+27.000E-03,+98.121E-03
+27.100E-03,-2.382E-03
+27.200E-03,+57.920E-03
+27.300E-03,+17.719E-03
+27.400E-03,+57.920E-03
+27.500E-03,-22.482E-03
+27.600E-03,-22.482E-03
+27.700E-03,-2.382E-03
+27.800E-03,+17.719E-03
+27.900E-03,-82.784E-03
+28.000E-03,+138.322E-03
+28.100E-03,+57.920E-03
+28.200E-03,+17.719E-03
+28.300E-03,+138.322E-03
+28.400E-03,+57.920E-03
+28.500E-03,+118.221E-03
+28.600E-03,+218.724E-03
+28.700E-03,+178.523E-03
+28.800E-03,+299.126E-03
+28.900E-03,+198.623E-03
+29.000E-03,+178.523E-03
+29.100E-03,+279.025E-03
+29.200E-03,+299.126E-03
+29.300E-03,+299.126E-03
+29.400E-03,+258.925E-03
+29.500E-03,+339.327E-03
+29.600E-03,+620.734E-03
+29.700E-03,+620.734E-03
+29.800E-03,+821.739E-03
+29.900E-03,+861.940E-03
+30.000E-03,+942.342E-03
+30.100E-03,+882.040E-03
+30.200E-03,+982.543E-03
+30.300E-03,+861.940E-03
+30.400E-03,+942.342E-03
+30.500E-03,+882.040E-03
+30.600E-03,+701.136E-03
+30.700E-03,+459.930E-03
+30.800E-03,+299.126E-03
+30.900E-03,+299.126E-03
+31.000E-03,+258.925E-03
+31.100E-03,+158.422E-03
+31.200E-03,+218.724E-03
+31.300E-03,+279.025E-03
+31.400E-03,+178.523E-03
+31.500E-03,+218.724E-03
+31.600E-03,+218.724E-03
+31.700E-03,+158.422E-03
+31.800E-03,+138.322E-03
+31.900E-03,+198.623E-03
+32.000E-03,+138.322E-03
+32.100E-03,+299.126E-03
+32.200E-03,+218.724E-03
+32.300E-03,+218.724E-03
+32.400E-03,+299.126E-03
+32.500E-03,+238.824E-03
+32.600E-03,+178.523E-03
+32.700E-03,+258.925E-03
+32.800E-03,+299.126E-03
+32.900E-03,+198.623E-03
+33.000E-03,+218.724E-03
+33.100E-03,+319.226E-03
+33.200E-03,+379.528E-03
+33.300E-03,+540.332E-03
+33.400E-03,+701.136E-03
+33.500E-03,+861.940E-03
+33.600E-03,+781.538E-03
+33.700E-03,+982.543E-03
+33.800E-03,+902.141E-03
+33.900E-03,+882.040E-03
+34.000E-03,+1.022744E+00
+34.100E-03,+861.940E-03
+34.200E-03,+942.342E-03
+34.300E-03,+540.332E-03
+34.400E-03,+540.332E-03
+34.500E-03,+198.623E-03
+34.600E-03,+178.523E-03
+34.700E-03,+57.920E-03
+34.800E-03,-22.482E-03
+34.900E-03,+37.819E-03
+35.000E-03,+98.121E-03
+35.100E-03,+17.719E-03
+35.200E-03,+138.322E-03
+35.300E-03,+98.121E-03
+35.400E-03,+98.121E-03
+35.500E-03,-2.382E-03
+35.600E-03,+57.920E-03
+35.700E-03,+78.020E-03
+35.800E-03,+17.719E-03
+35.900E-03,+57.920E-03
+36.000E-03,+57.920E-03
+36.100E-03,+57.920E-03
+36.200E-03,+57.920E-03
+36.300E-03,+78.020E-03
+36.400E-03,+57.920E-03
+36.500E-03,-22.482E-03
+36.600E-03,-22.482E-03
+36.700E-03,+158.422E-03
+36.800E-03,+218.724E-03
+36.900E-03,+218.724E-03
+37.000E-03,+258.925E-03
+37.100E-03,+299.126E-03
+37.200E-03,+138.322E-03
+37.300E-03,+258.925E-03
+37.400E-03,+138.322E-03
+37.500E-03,+238.824E-03
+37.600E-03,+218.724E-03
+37.700E-03,+178.523E-03
+37.800E-03,+258.925E-03
+37.900E-03,+459.930E-03
+38.000E-03,+701.136E-03
+38.100E-03,+801.638E-03
+38.200E-03,+861.940E-03
+38.300E-03,+982.543E-03
+38.400E-03,+1.022744E+00
+38.500E-03,+902.141E-03
+38.600E-03,+942.342E-03
+38.700E-03,+1.022744E+00
+38.800E-03,+942.342E-03
+38.900E-03,+841.839E-03
+39.000E-03,+540.332E-03
+39.100E-03,+439.829E-03
+39.200E-03,+299.126E-03
+39.300E-03,+279.025E-03
+39.400E-03,+218.724E-03
+39.500E-03,+279.025E-03
+39.600E-03,+218.724E-03
+39.700E-03,+218.724E-03
+39.800E-03,+138.322E-03
+39.900E-03,+158.422E-03
+40.000E-03,+299.126E-03
+40.100E-03,+138.322E-03
+40.200E-03,+258.925E-03
+40.300E-03,+158.422E-03
+40.400E-03,+138.322E-03
+40.500E-03,+218.724E-03
+40.600E-03,+258.925E-03
+40.700E-03,+258.925E-03
+40.800E-03,+218.724E-03
+40.900E-03,+158.422E-03
+41.000E-03,+138.322E-03
+41.100E-03,+299.126E-03
+41.200E-03,+299.126E-03
+41.300E-03,+299.126E-03
+41.400E-03,+218.724E-03
+41.500E-03,+299.126E-03
+41.600E-03,+459.930E-03
+41.700E-03,+620.734E-03
+41.800E-03,+781.538E-03
+41.900E-03,+942.342E-03
+42.000E-03,+861.940E-03
+42.100E-03,+861.940E-03
+42.200E-03,+942.342E-03
+42.300E-03,+942.342E-03
+42.400E-03,+1.022744E+00
+42.500E-03,+861.940E-03
+42.600E-03,+660.935E-03
+42.700E-03,+399.628E-03
+42.800E-03,+218.724E-03
+42.900E-03,+258.925E-03
+43.000E-03,+17.719E-03
+43.100E-03,+57.920E-03
+43.200E-03,+57.920E-03
+43.300E-03,+57.920E-03
+43.400E-03,+98.121E-03
+43.500E-03,+57.920E-03
+43.600E-03,-22.482E-03
+43.700E-03,+78.020E-03
+43.800E-03,+17.719E-03
+43.900E-03,+57.920E-03
+44.000E-03,+57.920E-03
+44.100E-03,+78.020E-03
+44.200E-03,+98.121E-03
+44.300E-03,+37.819E-03
+44.400E-03,+57.920E-03
+44.500E-03,+138.322E-03
+44.600E-03,+57.920E-03
+44.700E-03,-2.382E-03
+44.800E-03,-22.482E-03
+44.900E-03,+17.719E-03
+45.000E-03,+17.719E-03
+45.100E-03,+158.422E-03
+45.200E-03,+218.724E-03
+45.300E-03,+218.724E-03
+45.400E-03,+299.126E-03
+45.500E-03,+218.724E-03
+45.600E-03,+138.322E-03
+45.700E-03,+218.724E-03
+45.800E-03,+258.925E-03
+45.900E-03,+279.025E-03
+46.000E-03,+218.724E-03
+46.100E-03,+238.824E-03
+46.200E-03,+419.729E-03
+46.300E-03,+540.332E-03
+46.400E-03,+781.538E-03
+46.500E-03,+841.839E-03
+46.600E-03,+902.141E-03
+46.700E-03,+982.543E-03
+46.800E-03,+942.342E-03
+46.900E-03,+861.940E-03
+47.000E-03,+902.141E-03
+47.100E-03,+962.442E-03
+47.200E-03,+942.342E-03
+47.300E-03,+640.834E-03
+47.400E-03,+459.930E-03
+47.500E-03,+379.528E-03
+47.600E-03,+299.126E-03
+47.700E-03,+218.724E-03
+47.800E-03,+218.724E-03
+47.900E-03,+218.724E-03
+48.000E-03,+138.322E-03
+48.100E-03,+138.322E-03
+48.200E-03,+178.523E-03
+48.300E-03,+218.724E-03
+48.400E-03,+218.724E-03
+48.500E-03,+279.025E-03
+48.600E-03,+218.724E-03
+48.700E-03,+198.623E-03
+48.800E-03,+218.724E-03
+48.900E-03,+279.025E-03
+49.000E-03,+218.724E-03
+49.100E-03,+158.422E-03
+49.200E-03,+379.528E-03
+49.300E-03,+218.724E-03
+49.400E-03,+218.724E-03
+49.500E-03,+238.824E-03
+49.600E-03,+299.126E-03
+49.700E-03,+158.422E-03
+49.800E-03,+258.925E-03
+49.900E-03,+419.729E-03
+50.000E-03,+620.734E-03
+50.100E-03,+721.236E-03
+50.200E-03,+861.940E-03
+50.300E-03,+882.040E-03
+50.400E-03,+942.342E-03
+50.500E-03,+1.002643E+00
+50.600E-03,+861.940E-03
+50.700E-03,+942.342E-03
+50.800E-03,+942.342E-03
+50.900E-03,+841.839E-03
+51.000E-03,+540.332E-03
+51.100E-03,+339.327E-03
+51.200E-03,+218.724E-03
+51.300E-03,+178.523E-03
+51.400E-03,+17.719E-03
+51.500E-03,+118.221E-03
+51.600E-03,+57.920E-03
+51.700E-03,+37.819E-03
+51.800E-03,+17.719E-03
+51.900E-03,+118.221E-03
+52.000E-03,-22.482E-03
+52.100E-03,+57.920E-03
+52.200E-03,+17.719E-03
+52.300E-03,+37.819E-03
+52.400E-03,-22.482E-03
+52.500E-03,-102.884E-03
+52.600E-03,-22.482E-03
+52.700E-03,+37.819E-03
+52.800E-03,+57.920E-03
+52.900E-03,-22.482E-03
+53.000E-03,-62.683E-03
+53.100E-03,+98.121E-03
+53.200E-03,-22.482E-03
+53.300E-03,-2.382E-03
+53.400E-03,+178.523E-03
+53.500E-03,+158.422E-03
+53.600E-03,+218.724E-03
+53.700E-03,+279.025E-03
+53.800E-03,+218.724E-03
+53.900E-03,+178.523E-03
+54.000E-03,+299.126E-03
+54.100E-03,+218.724E-03
+54.200E-03,+299.126E-03
+54.300E-03,+218.724E-03
+54.400E-03,+299.126E-03
+54.500E-03,+299.126E-03
+54.600E-03,+580.533E-03
+54.700E-03,+761.437E-03
+54.800E-03,+861.940E-03
+54.900E-03,+942.342E-03
+55.000E-03,+942.342E-03
+55.100E-03,+882.040E-03
+55.200E-03,+861.940E-03
+55.300E-03,+962.442E-03
+55.400E-03,+942.342E-03
+55.500E-03,+942.342E-03
+55.600E-03,+701.136E-03
+55.700E-03,+480.030E-03
+55.800E-03,+339.327E-03
+55.900E-03,+238.824E-03
+56.000E-03,+299.126E-03
+56.100E-03,+299.126E-03
+56.200E-03,+218.724E-03
+56.300E-03,+158.422E-03
+56.400E-03,+299.126E-03
+56.500E-03,+138.322E-03
+56.600E-03,+178.523E-03
+56.700E-03,+218.724E-03
+56.800E-03,+299.126E-03
+56.900E-03,+158.422E-03
+57.000E-03,+178.523E-03
+57.100E-03,+218.724E-03
+57.200E-03,+218.724E-03
+57.300E-03,+258.925E-03
+57.400E-03,+138.322E-03
+57.500E-03,+359.427E-03
+57.600E-03,+218.724E-03
+57.700E-03,+238.824E-03
+57.800E-03,+258.925E-03
+57.900E-03,+339.327E-03
+58.000E-03,+218.724E-03
+58.100E-03,+218.724E-03
+58.200E-03,+419.729E-03
+58.300E-03,+540.332E-03
+58.400E-03,+781.538E-03
+58.500E-03,+801.638E-03
+58.600E-03,+902.141E-03
+58.700E-03,+882.040E-03
+58.800E-03,+942.342E-03
+58.900E-03,+942.342E-03
+59.000E-03,+942.342E-03
+59.100E-03,+1.022744E+00
+59.200E-03,+861.940E-03
+59.300E-03,+620.734E-03
+59.400E-03,+419.729E-03
+59.500E-03,+279.025E-03
+59.600E-03,+138.322E-03
+59.700E-03,+37.819E-03
+59.800E-03,+17.719E-03
+59.900E-03,+118.221E-03
+60.000E-03,+57.920E-03
+60.100E-03,+37.819E-03
+60.200E-03,-22.482E-03
+60.300E-03,-2.382E-03
+60.400E-03,+138.322E-03
+60.500E-03,+118.221E-03
+60.600E-03,+57.920E-03
+60.700E-03,+138.322E-03
+60.800E-03,-22.482E-03
+60.900E-03,+57.920E-03
+61.000E-03,-22.482E-03
+61.100E-03,+57.920E-03
+61.200E-03,-22.482E-03
+61.300E-03,+57.920E-03
+61.400E-03,+17.719E-03
+61.500E-03,-2.382E-03
+61.600E-03,+57.920E-03
+61.700E-03,+78.020E-03
+61.800E-03,+138.322E-03
+61.900E-03,+218.724E-03
+62.000E-03,+218.724E-03
+62.100E-03,+299.126E-03
+62.200E-03,+299.126E-03
+62.300E-03,+218.724E-03
+62.400E-03,+218.724E-03
+62.500E-03,+198.623E-03
+62.600E-03,+258.925E-03
+62.700E-03,+299.126E-03
+62.800E-03,+299.126E-03
+62.900E-03,+480.030E-03
+63.000E-03,+620.734E-03
+63.100E-03,+801.638E-03
+63.200E-03,+942.342E-03
+63.300E-03,+922.241E-03
+63.400E-03,+902.141E-03
+63.500E-03,+922.241E-03
+63.600E-03,+1.022744E+00
+63.700E-03,+882.040E-03
+63.800E-03,+1.022744E+00
+63.900E-03,+721.236E-03
+64.000E-03,+540.332E-03
+64.100E-03,+319.226E-03
+64.200E-03,+299.126E-03
+64.300E-03,+178.523E-03
+64.400E-03,+138.322E-03
+64.500E-03,+218.724E-03
+64.600E-03,+178.523E-03
+64.700E-03,+218.724E-03
+64.800E-03,+218.724E-03
+64.900E-03,+238.824E-03
+65.000E-03,+178.523E-03
+65.100E-03,+138.322E-03
+65.200E-03,+218.724E-03
+65.300E-03,+238.824E-03
+65.400E-03,+218.724E-03
+65.500E-03,+299.126E-03
+65.600E-03,+218.724E-03
+65.700E-03,+178.523E-03
+65.800E-03,+218.724E-03
+65.900E-03,+238.824E-03
+66.000E-03,+138.322E-03
+66.100E-03,+279.025E-03
+66.200E-03,+258.925E-03
+66.300E-03,+218.724E-03
+66.400E-03,+299.126E-03
+66.500E-03,+299.126E-03
+66.600E-03,+500.131E-03
+66.700E-03,+640.834E-03
+66.800E-03,+861.940E-03
+66.900E-03,+922.241E-03
+67.000E-03,+902.141E-03
+67.100E-03,+902.141E-03
+67.200E-03,+781.538E-03
+67.300E-03,+962.442E-03
+67.400E-03,+982.543E-03
+67.500E-03,+1.002643E+00
+67.600E-03,+620.734E-03
+67.700E-03,+480.030E-03
+67.800E-03,+258.925E-03
+67.900E-03,+138.322E-03
+68.000E-03,+57.920E-03
+68.100E-03,+57.920E-03
+68.200E-03,+57.920E-03
+68.300E-03,+17.719E-03
+68.400E-03,-22.482E-03
+68.500E-03,+118.221E-03
+68.600E-03,+98.121E-03
+68.700E-03,+138.322E-03
+68.800E-03,+57.920E-03
+68.900E-03,+17.719E-03
+69.000E-03,-22.482E-03
+69.100E-03,+57.920E-03
+69.200E-03,+57.920E-03
+69.300E-03,-2.382E-03
+69.400E-03,-22.482E-03
+69.500E-03,+37.819E-03
+69.600E-03,-22.482E-03
+69.700E-03,-22.482E-03
+69.800E-03,+98.121E-03
+69.900E-03,-22.482E-03
+70.000E-03,+138.322E-03
+70.100E-03,+57.920E-03
+70.200E-03,+178.523E-03
+70.300E-03,+279.025E-03
+70.400E-03,+379.528E-03
+70.500E-03,+158.422E-03
+70.600E-03,+218.724E-03
+70.700E-03,+218.724E-03
+70.800E-03,+299.126E-03
+70.900E-03,+299.126E-03
+71.000E-03,+299.126E-03
+71.100E-03,+218.724E-03
+71.200E-03,+379.528E-03
+71.300E-03,+600.633E-03
+71.400E-03,+741.337E-03
+71.500E-03,+861.940E-03
+71.600E-03,+942.342E-03
+71.700E-03,+882.040E-03
+71.800E-03,+942.342E-03
+71.900E-03,+882.040E-03
+72.000E-03,+942.342E-03
+72.100E-03,+1.022744E+00
+72.200E-03,+942.342E-03
+72.300E-03,+580.533E-03
+72.400E-03,+379.528E-03
+72.500E-03,+359.427E-03
+72.600E-03,+258.925E-03
+72.700E-03,+198.623E-03
+72.800E-03,+299.126E-03
+72.900E-03,+158.422E-03
+73.000E-03,+258.925E-03
+73.100E-03,+218.724E-03
+73.200E-03,+138.322E-03
+73.300E-03,+198.623E-03
+73.400E-03,+138.322E-03
+73.500E-03,+138.322E-03
+73.600E-03,+138.322E-03
+73.700E-03,+279.025E-03
+73.800E-03,+218.724E-03
+73.900E-03,+218.724E-03
+74.000E-03,+218.724E-03
+74.100E-03,+238.824E-03
+74.200E-03,+178.523E-03
+74.300E-03,+238.824E-03
+74.400E-03,+299.126E-03
+74.500E-03,+258.925E-03
+74.600E-03,+218.724E-03
+74.700E-03,+198.623E-03
+74.800E-03,+299.126E-03
+74.900E-03,+399.628E-03
+75.000E-03,+620.734E-03
+75.100E-03,+821.739E-03
+75.200E-03,+861.940E-03
+75.300E-03,+942.342E-03
+75.400E-03,+942.342E-03
+75.500E-03,+962.442E-03
+75.600E-03,+942.342E-03
+75.700E-03,+1.002643E+00
+75.800E-03,+902.141E-03
+75.900E-03,+761.437E-03
+76.000E-03,+540.332E-03
+76.100E-03,+379.528E-03
+76.200E-03,+138.322E-03
+76.300E-03,+118.221E-03
+76.400E-03,+57.920E-03
+76.500E-03,+118.221E-03
+76.600E-03,+57.920E-03
+76.700E-03,-22.482E-03
+76.800E-03,+57.920E-03
+76.900E-03,+37.819E-03
+77.000E-03,-22.482E-03
+77.100E-03,+98.121E-03
+77.200E-03,+57.920E-03
+77.300E-03,-22.482E-03
+77.400E-03,+98.121E-03
+77.500E-03,+37.819E-03
+77.600E-03,+57.920E-03
+77.700E-03,+37.819E-03
+77.800E-03,+57.920E-03
+77.900E-03,-22.482E-03
+78.000E-03,+57.920E-03
+78.100E-03,+37.819E-03
+78.200E-03,-22.482E-03
+78.300E-03,-2.382E-03
+78.400E-03,+218.724E-03
+78.500E-03,+198.623E-03
+78.600E-03,+178.523E-03
+78.700E-03,+238.824E-03
+78.800E-03,+138.322E-03
+78.900E-03,+279.025E-03
+79.000E-03,+299.126E-03
+79.100E-03,+218.724E-03
+79.200E-03,+218.724E-03
+79.300E-03,+198.623E-03
+79.400E-03,+178.523E-03
+79.500E-03,+299.126E-03
+79.600E-03,+540.332E-03
+79.700E-03,+721.236E-03
+79.800E-03,+821.739E-03
+79.900E-03,+882.040E-03
+80.000E-03,+861.940E-03
+80.100E-03,+942.342E-03
+80.200E-03,+982.543E-03
+80.300E-03,+942.342E-03
+80.400E-03,+1.022744E+00
+80.500E-03,+861.940E-03
+80.600E-03,+701.136E-03
+80.700E-03,+520.231E-03
+80.800E-03,+379.528E-03
+80.900E-03,+238.824E-03
+81.000E-03,+258.925E-03
+81.100E-03,+258.925E-03
+81.200E-03,+299.126E-03
+81.300E-03,+218.724E-03
+81.400E-03,+218.724E-03
+81.500E-03,+158.422E-03
+81.600E-03,+57.920E-03
+81.700E-03,+218.724E-03
+81.800E-03,+178.523E-03
+81.900E-03,+238.824E-03
+82.000E-03,+138.322E-03
+82.100E-03,+299.126E-03
+82.200E-03,+258.925E-03
+82.300E-03,+279.025E-03
+82.400E-03,+218.724E-03
+82.500E-03,+238.824E-03
+82.600E-03,+258.925E-03
+82.700E-03,+279.025E-03
+82.800E-03,+218.724E-03
+82.900E-03,+279.025E-03
+83.000E-03,+218.724E-03
+83.100E-03,+279.025E-03
+83.200E-03,+379.528E-03
+83.300E-03,+540.332E-03
+83.400E-03,+660.935E-03
+83.500E-03,+761.437E-03
+83.600E-03,+942.342E-03
+83.700E-03,+942.342E-03
+83.800E-03,+902.141E-03
+83.900E-03,+821.739E-03
+84.000E-03,+942.342E-03
+84.100E-03,+1.002643E+00
+84.200E-03,+902.141E-03
+84.300E-03,+620.734E-03
+84.400E-03,+459.930E-03
+84.500E-03,+279.025E-03
+84.600E-03,+138.322E-03
+84.700E-03,+57.920E-03
+84.800E-03,+138.322E-03
+84.900E-03,+118.221E-03
+85.000E-03,+57.920E-03
+85.100E-03,-62.683E-03
+85.200E-03,+138.322E-03
+85.300E-03,+78.020E-03
+85.400E-03,+98.121E-03
+85.500E-03,+37.819E-03
+85.600E-03,+138.322E-03
+85.700E-03,-2.382E-03
+85.800E-03,+17.719E-03
+85.900E-03,+37.819E-03
+86.000E-03,+57.920E-03
+86.100E-03,-2.382E-03
+86.200E-03,+57.920E-03
+86.300E-03,+57.920E-03
+86.400E-03,-22.482E-03
+86.500E-03,+57.920E-03
+86.600E-03,+17.719E-03
+86.700E-03,+138.322E-03
+86.800E-03,+138.322E-03
+86.900E-03,+118.221E-03
+87.000E-03,+218.724E-03
+87.100E-03,+218.724E-03
+87.200E-03,+218.724E-03
+87.300E-03,+258.925E-03
+87.400E-03,+258.925E-03
+87.500E-03,+258.925E-03
+87.600E-03,+218.724E-03
+87.700E-03,+198.623E-03
+87.800E-03,+299.126E-03
+87.900E-03,+520.231E-03
+88.000E-03,+620.734E-03
+88.100E-03,+761.437E-03
+88.200E-03,+861.940E-03
+88.300E-03,+861.940E-03
+88.400E-03,+861.940E-03
+88.500E-03,+942.342E-03
+88.600E-03,+942.342E-03
+88.700E-03,+942.342E-03
+88.800E-03,+861.940E-03
+88.900E-03,+781.538E-03
+89.000E-03,+540.332E-03
+89.100E-03,+379.528E-03
+89.200E-03,+299.126E-03
+89.300E-03,+258.925E-03
+89.400E-03,+258.925E-03
+89.500E-03,+198.623E-03
+89.600E-03,+138.322E-03
+89.700E-03,+198.623E-03
+89.800E-03,+178.523E-03
+89.900E-03,+218.724E-03
+90.000E-03,+218.724E-03
+90.100E-03,+198.623E-03
+90.200E-03,+258.925E-03
+90.300E-03,+279.025E-03
+90.400E-03,+138.322E-03
+90.500E-03,+218.724E-03
+90.600E-03,+218.724E-03
+90.700E-03,+198.623E-03
+90.800E-03,+299.126E-03
+90.900E-03,+299.126E-03
+91.000E-03,+258.925E-03
+91.100E-03,+218.724E-03
+91.200E-03,+299.126E-03
+91.300E-03,+299.126E-03
+91.400E-03,+258.925E-03
+91.500E-03,+279.025E-03
+91.600E-03,+459.930E-03
+91.700E-03,+761.437E-03
+91.800E-03,+741.337E-03
+91.900E-03,+882.040E-03
+92.000E-03,+942.342E-03
+92.100E-03,+942.342E-03
+92.200E-03,+942.342E-03
+92.300E-03,+962.442E-03
+92.400E-03,+1.022744E+00
+92.500E-03,+922.241E-03
+92.600E-03,+741.337E-03
+92.700E-03,+419.729E-03
+92.800E-03,+218.724E-03
+92.900E-03,+138.322E-03
+93.000E-03,+57.920E-03
+93.100E-03,+57.920E-03
+93.200E-03,+138.322E-03
+93.300E-03,+98.121E-03
+93.400E-03,+98.121E-03
+93.500E-03,+37.819E-03
+93.600E-03,+138.322E-03
+93.700E-03,-2.382E-03
+93.800E-03,+98.121E-03
+93.900E-03,-82.784E-03
+94.000E-03,+57.920E-03
+94.100E-03,+57.920E-03
+94.200E-03,+57.920E-03
+94.300E-03,+37.819E-03
+94.400E-03,-102.884E-03
+94.500E-03,+17.719E-03
+94.600E-03,+57.920E-03
+94.700E-03,+37.819E-03
+94.800E-03,+57.920E-03
+94.900E-03,+118.221E-03
+95.000E-03,+17.719E-03
+95.100E-03,+138.322E-03
+95.200E-03,+218.724E-03
+95.300E-03,+218.724E-03
+95.400E-03,+218.724E-03
+95.500E-03,+238.824E-03
+95.600E-03,+299.126E-03
+95.700E-03,+218.724E-03
+95.800E-03,+218.724E-03
+95.900E-03,+238.824E-03
+96.000E-03,+218.724E-03
+96.100E-03,+218.724E-03
+96.200E-03,+379.528E-03
+96.300E-03,+560.432E-03
+96.400E-03,+701.136E-03
+96.500E-03,+882.040E-03
+96.600E-03,+942.342E-03
+96.700E-03,+942.342E-03
+96.800E-03,+942.342E-03
+96.900E-03,+942.342E-03
+97.000E-03,+982.543E-03
+97.100E-03,+962.442E-03
+97.200E-03,+1.022744E+00
+97.300E-03,+620.734E-03
+97.400E-03,+419.729E-03
+97.500E-03,+439.829E-03
+97.600E-03,+299.126E-03
+97.700E-03,+279.025E-03
+97.800E-03,+178.523E-03
+97.900E-03,+218.724E-03
+98.000E-03,+299.126E-03
+98.100E-03,+198.623E-03
+98.200E-03,+258.925E-03
+98.300E-03,+178.523E-03
+98.400E-03,+218.724E-03
+98.500E-03,+299.126E-03
+98.600E-03,+258.925E-03
+98.700E-03,+299.126E-03
+98.800E-03,+299.126E-03
+98.900E-03,+218.724E-03
+99.000E-03,+299.126E-03
+99.100E-03,+218.724E-03
+99.200E-03,+218.724E-03
+99.300E-03,+98.121E-03
+99.400E-03,+178.523E-03
+99.500E-03,+158.422E-03
+99.600E-03,+218.724E-03
+99.700E-03,+299.126E-03
+99.800E-03,+258.925E-03
+99.900E-03,+480.030E-03
x-axis,FFT
Hertz,decibel
+15.0000E+00,
+15.5000E+00,
+16.0000E+00,
+16.5000E+00,
+17.0000E+00,-66.686953E+00
+17.5000E+00,-66.130921E+00
+18.0000E+00,-65.574889E+00
+18.5000E+00,-65.018857E+00
+19.0000E+00,-64.462825E+00
+19.5000E+00,-63.906793E+00
+20.0000E+00,-63.350761E+00
+20.5000E+00,-62.794729E+00
+21.0000E+00,-62.238697E+00
+21.5000E+00,-61.682665E+00
+22.0000E+00,-61.126633E+00
+22.5000E+00,-60.570601E+00
+23.0000E+00,-60.014569E+00
+23.5000E+00,-59.458537E+00
+24.0000E+00,-59.331396E+00
+24.5000E+00,-60.131396E+00
+25.0000E+00,-60.931396E+00
+25.5000E+00,-61.731396E+00
+26.0000E+00,-62.531396E+00
+26.5000E+00,-63.331396E+00
+27.0000E+00,-64.131396E+00
+27.5000E+00,-64.931396E+00
+28.0000E+00,-65.731396E+00
+28.5000E+00,-66.531396E+00
+29.0000E+00,-67.643113E+00
+29.5000E+00,-68.842985E+00
+30.0000E+00,-70.042857E+00
+30.5000E+00,-71.242729E+00
+31.0000E+00,-72.442601E+00
+31.5000E+00,-73.642473E+00
+32.0000E+00,-74.842345E+00
+32.5000E+00,-76.042217E+00
+33.0000E+00,-77.242089E+00
+33.5000E+00,-77.624606E+00
+34.0000E+00,-75.458078E+00
+34.5000E+00,-73.291550E+00
+35.0000E+00,-71.125022E+00
+35.5000E+00,-68.958494E+00
+36.0000E+00,-66.791966E+00
+36.5000E+00,-64.625438E+00
+37.0000E+00,-62.458910E+00
+37.5000E+00,-60.292382E+00
+38.0000E+00,-58.125854E+00
+38.5000E+00,-57.791951E+00
+39.0000E+00,-58.221007E+00
+39.5000E+00,-58.650063E+00
+40.0000E+00,-59.079119E+00
+40.5000E+00,-59.508175E+00
+41.0000E+00,-59.937231E+00
+41.5000E+00,-60.366287E+00
+42.0000E+00,-60.795343E+00
+42.5000E+00,-61.224399E+00
+43.0000E+00,-61.594811E+00
+43.5000E+00,-61.677499E+00
+44.0000E+00,-61.760187E+00
+44.5000E+00,-61.842875E+00
+45.0000E+00,-61.925563E+00
+45.5000E+00,-62.008251E+00
+46.0000E+00,-62.090939E+00
+46.5000E+00,-62.173627E+00
+47.0000E+00,-62.256315E+00
+47.5000E+00,-62.339003E+00
+48.0000E+00,-62.413918E+00
+48.5000E+00,-62.484318E+00
+49.0000E+00,-62.554718E+00
+49.5000E+00,-62.625118E+00
+50.0000E+00,-62.695518E+00
+50.5000E+00,-62.765918E+00
+51.0000E+00,-62.836318E+00
+51.5000E+00,-62.906718E+00
+52.0000E+00,-62.977118E+00
+52.5000E+00,-63.088730E+00
+53.0000E+00,-63.589210E+00
+53.5000E+00,-64.089690E+00
+54.0000E+00,-64.590170E+00
+54.5000E+00,-65.090650E+00
+55.0000E+00,-65.591130E+00
+55.5000E+00,-66.091610E+00
+56.0000E+00,-66.592090E+00
+56.5000E+00,-67.092570E+00
+57.0000E+00,-67.593050E+00
+57.5000E+00,-67.898594E+00
+58.0000E+00,-68.050402E+00
+58.5000E+00,-68.202210E+00
+59.0000E+00,-68.354018E+00
+59.5000E+00,-68.505826E+00
+60.0000E+00,-68.657634E+00
+60.5000E+00,-68.809442E+00
+61.0000E+00,-68.961250E+00
+61.5000E+00,-69.113058E+00
+62.0000E+00,-69.270785E+00
+62.5000E+00,-69.687553E+00
+63.0000E+00,-70.104321E+00
+63.5000E+00,-70.521089E+00
+64.0000E+00,-70.937857E+00
+64.5000E+00,-71.354625E+00
+65.0000E+00,-71.771393E+00
+65.5000E+00,-72.188161E+00
+66.0000E+00,-72.604929E+00
+66.5000E+00,-73.021697E+00
+67.0000E+00,-73.079202E+00
+67.5000E+00,-72.756130E+00
+68.0000E+00,-72.433058E+00
+68.5000E+00,-72.109986E+00
+69.0000E+00,-71.786914E+00
+69.5000E+00,-71.463842E+00
+70.0000E+00,-71.140770E+00
+70.5000E+00,-70.817698E+00
+71.0000E+00,-70.494626E+00
+71.5000E+00,-70.171554E+00
+72.0000E+00,-69.745489E+00
+72.5000E+00,-69.313873E+00
+73.0000E+00,-68.882257E+00
+73.5000E+00,-68.450641E+00
+74.0000E+00,-68.019025E+00
+74.5000E+00,-67.587409E+00
+75.0000E+00,-67.155793E+00
+75.5000E+00,-66.724177E+00
+76.0000E+00,-66.292561E+00
+76.5000E+00,-65.836047E+00
+77.0000E+00,-65.344015E+00
+77.5000E+00,-64.851983E+00
+78.0000E+00,-64.359951E+00
+78.5000E+00,-63.867919E+00
+79.0000E+00,-63.375887E+00
+79.5000E+00,-62.883855E+00
+80.0000E+00,-62.391823E+00
+80.5000E+00,-61.899791E+00
+81.0000E+00,-61.407759E+00
+81.5000E+00,-61.643360E+00
+82.0000E+00,-61.982560E+00
+82.5000E+00,-62.321760E+00
+83.0000E+00,-62.660960E+00
+83.5000E+00,-63.000160E+00
+84.0000E+00,-63.339360E+00
+84.5000E+00,-63.678560E+00
+85.0000E+00,-64.017760E+00
+85.5000E+00,-64.356960E+00
+86.0000E+00,-64.791256E+00
+86.5000E+00,-65.411288E+00
+87.0000E+00,-66.031320E+00
+87.5000E+00,-66.651352E+00
+88.0000E+00,-67.271384E+00
+88.5000E+00,-67.891416E+00
+89.0000E+00,-68.511448E+00
+89.5000E+00,-69.131480E+00
+90.0000E+00,-69.751512E+00
+90.5000E+00,-70.371544E+00
+91.0000E+00,-69.852676E+00
+91.5000E+00,-69.052420E+00
+92.0000E+00,-68.252164E+00
+92.5000E+00,-67.451908E+00
+93.0000E+00,-66.651652E+00
+93.5000E+00,-65.851396E+00
+94.0000E+00,-65.051140E+00
+94.5000E+00,-64.250884E+00
+95.0000E+00,-63.450628E+00
+95.5000E+00,-62.878296E+00
+96.0000E+00,-62.937688E+00
+96.5000E+00,-62.997080E+00
+97.0000E+00,-63.056472E+00
+97.5000E+00,-63.115864E+00
+98.0000E+00,-63.175256E+00
+98.5000E+00,-63.234648E+00
+99.0000E+00,-63.294040E+00
+99.5000E+00,-63.353432E+00
+100.0000E+00,-63.412824E+00
+100.5000E+00,-63.385694E+00
+101.0000E+00,-63.326302E+00
+101.5000E+00,-63.266910E+00
+102.0000E+00,-63.207518E+00
+102.5000E+00,-63.148126E+00
+103.0000E+00,-63.088734E+00
+103.5000E+00,-63.029342E+00
+104.0000E+00,-62.969950E+00
+104.5000E+00,-62.910558E+00
+105.0000E+00,-62.754366E+00
+105.5000E+00,-62.189886E+00
+106.0000E+00,-61.625406E+00
+106.5000E+00,-61.060926E+00
+107.0000E+00,-60.496446E+00
+107.5000E+00,-59.931966E+00
+108.0000E+00,-59.367486E+00
+108.5000E+00,-58.803006E+00
+109.0000E+00,-58.238526E+00
+109.5000E+00,-57.674046E+00
+110.0000E+00,-55.453961E+00
+110.5000E+00,-52.361481E+00
+111.0000E+00,-49.269001E+00
+111.5000E+00,-46.176521E+00
+112.0000E+00,-43.084041E+00
+112.5000E+00,-39.991561E+00
+113.0000E+00,-36.899081E+00
+113.5000E+00,-33.806601E+00
+114.0000E+00,-30.714121E+00
+114.5000E+00,-27.893528E+00
+115.0000E+00,-27.101976E+00
+115.5000E+00,-26.310424E+00
+116.0000E+00,-25.518872E+00
+116.5000E+00,-24.727320E+00
+117.0000E+00,-23.935768E+00
+117.5000E+00,-23.144216E+00
+118.0000E+00,-22.352664E+00
+118.5000E+00,-21.561112E+00
+119.0000E+00,-20.769560E+00
+119.5000E+00,-20.653312E+00
+120.0000E+00,-21.023232E+00
+120.5000E+00,-21.393152E+00
+121.0000E+00,-21.763072E+00
+121.5000E+00,-22.132992E+00
+122.0000E+00,-22.502912E+00
+122.5000E+00,-22.872832E+00
+123.0000E+00,-23.242752E+00
+123.5000E+00,-23.612672E+00
+124.0000E+00,-24.059109E+00
+124.5000E+00,-26.141669E+00
+125.0000E+00,-28.224229E+00
+125.5000E+00,-30.306789E+00
+126.0000E+00,-32.389349E+00
+126.5000E+00,-34.471909E+00
+127.0000E+00,-36.554469E+00
+127.5000E+00,-38.637029E+00
+128.0000E+00,-40.719589E+00
+128.5000E+00,-42.802149E+00
+129.0000E+00,-44.444943E+00
+129.5000E+00,-45.661711E+00
+130.0000E+00,-46.878479E+00
+130.5000E+00,-48.095247E+00
+131.0000E+00,-49.312015E+00
+131.5000E+00,-50.528783E+00
+132.0000E+00,-51.745551E+00
+132.5000E+00,-52.962319E+00
+133.0000E+00,-54.179087E+00
+133.5000E+00,-55.395855E+00
+134.0000E+00,-56.010702E+00
+134.5000E+00,-56.607694E+00
+135.0000E+00,-57.204686E+00
+135.5000E+00,-57.801678E+00
+136.0000E+00,-58.398670E+00
+136.5000E+00,-58.995662E+00
+137.0000E+00,-59.592654E+00
+137.5000E+00,-60.189646E+00
+138.0000E+00,-60.786638E+00
+138.5000E+00,-61.337474E+00
+139.0000E+00,-61.828226E+00
+139.5000E+00,-62.318978E+00
+140.0000E+00,-62.809730E+00
+140.5000E+00,-63.300482E+00
+141.0000E+00,-63.791234E+00
+141.5000E+00,-64.281986E+00
+142.0000E+00,-64.772738E+00
+142.5000E+00,-65.263490E+00
+143.0000E+00,-65.754242E+00
+143.5000E+00,-65.679196E+00
+144.0000E+00,-65.539676E+00
+144.5000E+00,-65.400156E+00
+145.0000E+00,-65.260636E+00
+145.5000E+00,-65.121116E+00
+146.0000E+00,-64.981596E+00
+146.5000E+00,-64.842076E+00
+147.0000E+00,-64.702556E+00
+147.5000E+00,-64.563036E+00
+148.0000E+00,-64.614057E+00
+148.5000E+00,-65.002409E+00
+149.0000E+00,-65.390761E+00
+149.5000E+00,-65.779113E+00
+150.0000E+00,-66.167465E+00
+150.5000E+00,-66.555817E+00
+151.0000E+00,-66.944169E+00
+151.5000E+00,-67.332521E+00
+152.0000E+00,-67.720873E+00
+152.5000E+00,-68.109225E+00
+153.0000E+00,-67.539426E+00
+153.5000E+00,-66.765282E+00
+154.0000E+00,-65.991138E+00
+154.5000E+00,-65.216994E+00
+155.0000E+00,-64.442850E+00
+155.5000E+00,-63.668706E+00
+156.0000E+00,-62.894562E+00
+156.5000E+00,-62.120418E+00
+157.0000E+00,-61.346274E+00
+157.5000E+00,-60.857012E+00
+158.0000E+00,-61.073844E+00
+158.5000E+00,-61.290676E+00
+159.0000E+00,-61.507508E+00
+159.5000E+00,-61.724340E+00
+160.0000E+00,-61.941172E+00
+160.5000E+00,-62.158004E+00
+161.0000E+00,-62.374836E+00
+161.5000E+00,-62.591668E+00
+162.0000E+00,-62.808500E+00
+162.5000E+00,-63.076454E+00
+163.0000E+00,-63.361382E+00
+163.5000E+00,-63.646310E+00
+164.0000E+00,-63.931238E+00
+164.5000E+00,-64.216166E+00
+165.0000E+00,-64.501094E+00
+165.5000E+00,-64.786022E+00
+166.0000E+00,-65.070950E+00
+166.5000E+00,-65.355878E+00
+167.0000E+00,-65.581423E+00
+167.5000E+00,-65.588847E+00
+168.0000E+00,-65.596271E+00
+168.5000E+00,-65.603695E+00
+169.0000E+00,-65.611119E+00
+169.5000E+00,-65.618543E+00
+170.0000E+00,-65.625967E+00
+170.5000E+00,-65.633391E+00
+171.0000E+00,-65.640815E+00
+171.5000E+00,-65.648239E+00
+172.0000E+00,-65.542969E+00
+172.5000E+00,-65.383993E+00
+173.0000E+00,-65.225017E+00
+173.5000E+00,-65.066041E+00
+174.0000E+00,-64.907065E+00
+174.5000E+00,-64.748089E+00
+175.0000E+00,-64.589113E+00
+175.5000E+00,-64.430137E+00
+176.0000E+00,-64.271161E+00
+176.5000E+00,-64.187180E+00
+177.0000E+00,-64.561964E+00
+177.5000E+00,-64.936748E+00
+178.0000E+00,-65.311532E+00
+178.5000E+00,-65.686316E+00
+179.0000E+00,-66.061100E+00
+179.5000E+00,-66.435884E+00
+180.0000E+00,-66.810668E+00
+180.5000E+00,-67.185452E+00
+181.0000E+00,-67.560236E+00
+181.5000E+00,-68.009519E+00
+182.0000E+00,-68.507695E+00
+182.5000E+00,-69.005871E+00
+183.0000E+00,-69.504047E+00
+183.5000E+00,-70.002223E+00
+184.0000E+00,-70.500399E+00
+184.5000E+00,-70.998575E+00
+185.0000E+00,-71.496751E+00
+185.5000E+00,-71.994927E+00
+186.0000E+00,-72.430294E+00
+186.5000E+00,-71.991254E+00
+187.0000E+00,-71.552214E+00
+187.5000E+00,-71.113174E+00
+188.0000E+00,-70.674134E+00
+188.5000E+00,-70.235094E+00
+189.0000E+00,-69.796054E+00
+189.5000E+00,-69.357014E+00
+190.0000E+00,-68.917974E+00
+190.5000E+00,-68.478934E+00
+191.0000E+00,-68.291031E+00
+191.5000E+00,-68.325591E+00
+192.0000E+00,-68.360151E+00
+192.5000E+00,-68.394711E+00
+193.0000E+00,-68.429271E+00
+193.5000E+00,-68.463831E+00
+194.0000E+00,-68.498391E+00
+194.5000E+00,-68.532951E+00
+195.0000E+00,-68.567511E+00
+195.5000E+00,-68.602071E+00
+196.0000E+00,-67.955499E+00
+196.5000E+00,-67.304491E+00
+197.0000E+00,-66.653483E+00
+197.5000E+00,-66.002475E+00
+198.0000E+00,-65.351467E+00
+198.5000E+00,-64.700459E+00
+199.0000E+00,-64.049451E+00
+199.5000E+00,-63.398443E+00
+200.0000E+00,-62.747435E+00
+200.5000E+00,-62.571193E+00
+201.0000E+00,-62.959545E+00
+201.5000E+00,-63.347897E+00
+202.0000E+00,-63.736249E+00
+202.5000E+00,-64.124601E+00
+203.0000E+00,-64.512953E+00
+203.5000E+00,-64.901305E+00
+204.0000E+00,-65.289657E+00
+204.5000E+00,-65.678009E+00
+205.0000E+00,-66.066361E+00
+205.5000E+00,-67.534624E+00
+206.0000E+00,-69.096736E+00
+206.5000E+00,-70.658848E+00
+207.0000E+00,-72.220960E+00
+207.5000E+00,-73.783072E+00
+208.0000E+00,-75.345184E+00
+208.5000E+00,-76.907296E+00
+209.0000E+00,-78.469408E+00
+209.5000E+00,-80.031520E+00
+210.0000E+00,-80.332333E+00
+210.5000E+00,-78.603821E+00
+211.0000E+00,-76.875309E+00
+211.5000E+00,-75.146797E+00
+212.0000E+00,-73.418285E+00
+212.5000E+00,-71.689773E+00
+213.0000E+00,-69.961261E+00
+213.5000E+00,-68.232749E+00
+214.0000E+00,-66.504237E+00
+214.5000E+00,-64.775725E+00
+215.0000E+00,-64.261922E+00
+215.5000E+00,-63.968290E+00
+216.0000E+00,-63.674658E+00
+216.5000E+00,-63.381026E+00
+217.0000E+00,-63.087394E+00
+217.5000E+00,-62.793762E+00
+218.0000E+00,-62.500130E+00
+218.5000E+00,-62.206498E+00
+219.0000E+00,-61.912866E+00
+219.5000E+00,-61.524614E+00
+220.0000E+00,-60.925574E+00
+220.5000E+00,-60.326534E+00
+221.0000E+00,-59.727494E+00
+221.5000E+00,-59.128454E+00
+222.0000E+00,-58.529414E+00
+222.5000E+00,-57.930374E+00
+223.0000E+00,-57.331334E+00
+223.5000E+00,-56.732294E+00
+224.0000E+00,-56.133254E+00
+224.5000E+00,-55.161358E+00
+225.0000E+00,-54.080014E+00
+225.5000E+00,-52.998670E+00
+226.0000E+00,-51.917326E+00
+226.5000E+00,-50.835982E+00
+227.0000E+00,-49.754638E+00
+227.5000E+00,-48.673294E+00
+228.0000E+00,-47.591950E+00
+228.5000E+00,-46.510606E+00
+229.0000E+00,-45.126762E+00
+229.5000E+00,-42.765418E+00
+230.0000E+00,-40.404074E+00
+230.5000E+00,-38.042730E+00
+231.0000E+00,-35.681386E+00
+231.5000E+00,-33.320042E+00
+232.0000E+00,-30.958698E+00
+232.5000E+00,-28.597354E+00
+233.0000E+00,-26.236010E+00
+233.5000E+00,-23.874666E+00
+234.0000E+00,-22.462340E+00
+234.5000E+00,-21.457540E+00
+235.0000E+00,-20.452740E+00
+235.5000E+00,-19.447940E+00
+236.0000E+00,-18.443140E+00
+236.5000E+00,-17.438340E+00
+237.0000E+00,-16.433540E+00
+237.5000E+00,-15.428740E+00
+238.0000E+00,-14.423940E+00
+238.5000E+00,-13.612862E+00
+239.0000E+00,-13.797694E+00
+239.5000E+00,-13.982526E+00
+240.0000E+00,-14.167358E+00
+240.5000E+00,-14.352190E+00
+241.0000E+00,-14.537022E+00
+241.5000E+00,-14.721854E+00
+242.0000E+00,-14.906686E+00
+242.5000E+00,-15.091518E+00
+243.0000E+00,-15.276350E+00
+243.5000E+00,-16.369175E+00
+244.0000E+00,-18.004247E+00
+244.5000E+00,-19.639319E+00
+245.0000E+00,-21.274391E+00
+245.5000E+00,-22.909463E+00
+246.0000E+00,-24.544535E+00
+246.5000E+00,-26.179607E+00
+247.0000E+00,-27.814679E+00
+247.5000E+00,-29.449751E+00
+248.0000E+00,-31.072036E+00
+248.5000E+00,-32.564004E+00
+249.0000E+00,-34.055972E+00
+249.5000E+00,-35.547940E+00
+250.0000E+00,-37.039908E+00
+250.5000E+00,-38.531876E+00
+251.0000E+00,-40.023844E+00
+251.5000E+00,-41.515812E+00
+252.0000E+00,-43.007780E+00
+252.5000E+00,-44.499748E+00
+253.0000E+00,-45.753200E+00
+253.5000E+00,-46.813552E+00
+254.0000E+00,-47.873904E+00
+254.5000E+00,-48.934256E+00
+255.0000E+00,-49.994608E+00
+255.5000E+00,-51.054960E+00
+256.0000E+00,-52.115312E+00
+256.5000E+00,-53.175664E+00
+257.0000E+00,-54.236016E+00
+257.5000E+00,-55.286017E+00
+258.0000E+00,-55.694081E+00
+258.5000E+00,-56.102145E+00
+259.0000E+00,-56.510209E+00
+259.5000E+00,-56.918273E+00
+260.0000E+00,-57.326337E+00
+260.5000E+00,-57.734401E+00
+261.0000E+00,-58.142465E+00
+261.5000E+00,-58.550529E+00
+262.0000E+00,-58.958593E+00
+262.5000E+00,-59.866481E+00
+263.0000E+00,-61.317745E+00
+263.5000E+00,-62.769009E+00
+264.0000E+00,-64.220273E+00
+264.5000E+00,-65.671537E+00
+265.0000E+00,-67.122801E+00
+265.5000E+00,-68.574065E+00
+266.0000E+00,-70.025329E+00
+266.5000E+00,-71.476593E+00
+267.0000E+00,-72.927857E+00
+267.5000E+00,-71.970240E+00
+268.0000E+00,-70.865344E+00
+268.5000E+00,-69.760448E+00
+269.0000E+00,-68.655552E+00
+269.5000E+00,-67.550656E+00
+270.0000E+00,-66.445760E+00
+270.5000E+00,-65.340864E+00
+271.0000E+00,-64.235968E+00
+271.5000E+00,-63.131072E+00
+272.0000E+00,-62.716529E+00
+272.5000E+00,-63.313521E+00
+273.0000E+00,-63.910513E+00
+273.5000E+00,-64.507505E+00
+274.0000E+00,-65.104497E+00
+274.5000E+00,-65.701489E+00
+275.0000E+00,-66.298481E+00
+275.5000E+00,-66.895473E+00
+276.0000E+00,-67.492465E+00
+276.5000E+00,-68.089457E+00
+277.0000E+00,-68.504050E+00
+277.5000E+00,-68.891122E+00
+278.0000E+00,-69.278194E+00
+278.5000E+00,-69.665266E+00
+279.0000E+00,-70.052338E+00
+279.5000E+00,-70.439410E+00
+280.0000E+00,-70.826482E+00
+280.5000E+00,-71.213554E+00
+281.0000E+00,-71.600626E+00
+281.5000E+00,-71.523683E+00
+282.0000E+00,-70.513763E+00
+282.5000E+00,-69.503843E+00
+283.0000E+00,-68.493923E+00
+283.5000E+00,-67.484003E+00
+284.0000E+00,-66.474083E+00
+284.5000E+00,-65.464163E+00
+285.0000E+00,-64.454243E+00
+285.5000E+00,-63.444323E+00
+286.0000E+00,-62.434403E+00
+286.5000E+00,-62.272988E+00
+287.0000E+00,-62.329820E+00
+287.5000E+00,-62.386652E+00
+288.0000E+00,-62.443484E+00
+288.5000E+00,-62.500316E+00
+289.0000E+00,-62.557148E+00
+289.5000E+00,-62.613980E+00
+290.0000E+00,-62.670812E+00
+290.5000E+00,-62.727644E+00
+291.0000E+00,-62.911086E+00
+291.5000E+00,-63.457390E+00
+292.0000E+00,-64.003694E+00
+292.5000E+00,-64.549998E+00
+293.0000E+00,-65.096302E+00
+293.5000E+00,-65.642606E+00
+294.0000E+00,-66.188910E+00
+294.5000E+00,-66.735214E+00
+295.0000E+00,-67.281518E+00
+295.5000E+00,-67.827822E+00
+296.0000E+00,-67.775888E+00
+296.5000E+00,-67.493520E+00
+297.0000E+00,-67.211152E+00
+297.5000E+00,-66.928784E+00
+298.0000E+00,-66.646416E+00
+298.5000E+00,-66.364048E+00
+299.0000E+00,-66.081680E+00
+299.5000E+00,-65.799312E+00
+300.0000E+00,-65.516944E+00
+300.5000E+00,-65.268329E+00
+301.0000E+00,-65.168233E+00
+301.5000E+00,-65.068137E+00
+302.0000E+00,-64.968041E+00
+302.5000E+00,-64.867945E+00
+303.0000E+00,-64.767849E+00
+303.5000E+00,-64.667753E+00
+304.0000E+00,-64.567657E+00
+304.5000E+00,-64.467561E+00
+305.0000E+00,-64.367465E+00
+305.5000E+00,-64.860819E+00
+306.0000E+00,-65.675923E+00
+306.5000E+00,-66.491027E+00
+307.0000E+00,-67.306131E+00
+307.5000E+00,-68.121235E+00
+308.0000E+00,-68.936339E+00
+308.5000E+00,-69.751443E+00
+309.0000E+00,-70.566547E+00
+309.5000E+00,-71.381651E+00
+310.0000E+00,-72.102825E+00
+310.5000E+00,-72.076969E+00
+311.0000E+00,-72.051113E+00
+311.5000E+00,-72.025257E+00
+312.0000E+00,-71.999401E+00
+312.5000E+00,-71.973545E+00
+313.0000E+00,-71.947689E+00
+313.5000E+00,-71.921833E+00
+314.0000E+00,-71.895977E+00
+314.5000E+00,-71.870121E+00
+315.0000E+00,-71.754922E+00
+315.5000E+00,-71.573674E+00
+316.0000E+00,-71.392426E+00
+316.5000E+00,-71.211178E+00
+317.0000E+00,-71.029930E+00
+317.5000E+00,-70.848682E+00
+318.0000E+00,-70.667434E+00
+318.5000E+00,-70.486186E+00
+319.0000E+00,-70.304938E+00
+319.5000E+00,-70.154873E+00
+320.0000E+00,-70.789753E+00
+320.5000E+00,-71.424633E+00
+321.0000E+00,-72.059513E+00
+321.5000E+00,-72.694393E+00
+322.0000E+00,-73.329273E+00
+322.5000E+00,-73.964153E+00
+323.0000E+00,-74.599033E+00
+323.5000E+00,-75.233913E+00
+324.0000E+00,-75.868793E+00
+324.5000E+00,-75.521347E+00
+325.0000E+00,-74.197315E+00
+325.5000E+00,-72.873283E+00
+326.0000E+00,-71.549251E+00
+326.5000E+00,-70.225219E+00
+327.0000E+00,-68.901187E+00
+327.5000E+00,-67.577155E+00
+328.0000E+00,-66.253123E+00
+328.5000E+00,-64.929091E+00
+329.0000E+00,-63.605059E+00
+329.5000E+00,-63.087133E+00
+330.0000E+00,-62.598685E+00
+330.5000E+00,-62.110237E+00
+331.0000E+00,-61.621789E+00
+331.5000E+00,-61.133341E+00
+332.0000E+00,-60.644893E+00
+332.5000E+00,-60.156445E+00
+333.0000E+00,-59.667997E+00
+333.5000E+00,-59.179549E+00
+334.0000E+00,-59.408407E+00
+334.5000E+00,-60.595991E+00
+335.0000E+00,-61.783575E+00
+335.5000E+00,-62.971159E+00
+336.0000E+00,-64.158743E+00
+336.5000E+00,-65.346327E+00
+337.0000E+00,-66.533911E+00
+337.5000E+00,-67.721495E+00
+338.0000E+00,-68.909079E+00
+338.5000E+00,-70.096663E+00
+339.0000E+00,-69.580604E+00
+339.5000E+00,-68.856636E+00
+340.0000E+00,-68.132668E+00
+340.5000E+00,-67.408700E+00
+341.0000E+00,-66.684732E+00
+341.5000E+00,-65.960764E+00
+342.0000E+00,-65.236796E+00
+342.5000E+00,-64.512828E+00
+343.0000E+00,-63.788860E+00
+343.5000E+00,-62.908984E+00
+344.0000E+00,-61.745208E+00
+344.5000E+00,-60.581432E+00
+345.0000E+00,-59.417656E+00
+345.5000E+00,-58.253880E+00
+346.0000E+00,-57.090104E+00
+346.5000E+00,-55.926328E+00
+347.0000E+00,-54.762552E+00
+347.5000E+00,-53.598776E+00
+348.0000E+00,-52.435000E+00
+348.5000E+00,-50.726511E+00
+349.0000E+00,-48.896623E+00
+349.5000E+00,-47.066735E+00
+350.0000E+00,-45.236847E+00
+350.5000E+00,-43.406959E+00
+351.0000E+00,-41.577071E+00
+351.5000E+00,-39.747183E+00
+352.0000E+00,-37.917295E+00
+352.5000E+00,-36.087407E+00
+353.0000E+00,-34.413480E+00
+353.5000E+00,-33.138600E+00
+354.0000E+00,-31.863720E+00
+354.5000E+00,-30.588840E+00
+355.0000E+00,-29.313960E+00
+355.5000E+00,-28.039080E+00
+356.0000E+00,-26.764200E+00
+356.5000E+00,-25.489320E+00
+357.0000E+00,-24.214440E+00
+357.5000E+00,-22.939560E+00
+358.0000E+00,-22.617145E+00
+358.5000E+00,-22.622009E+00
+359.0000E+00,-22.626873E+00
+359.5000E+00,-22.631737E+00
+360.0000E+00,-22.636601E+00
+360.5000E+00,-22.641465E+00
+361.0000E+00,-22.646329E+00
+361.5000E+00,-22.651193E+00
+362.0000E+00,-22.656057E+00
+362.5000E+00,-22.927290E+00
+363.0000E+00,-24.215738E+00
+363.5000E+00,-25.504186E+00
+364.0000E+00,-26.792634E+00
+364.5000E+00,-28.081082E+00
+365.0000E+00,-29.369530E+00
+365.5000E+00,-30.657978E+00
+366.0000E+00,-31.946426E+00
+366.5000E+00,-33.234874E+00
+367.0000E+00,-34.523322E+00
+367.5000E+00,-36.140268E+00
+368.0000E+00,-37.918444E+00
+368.5000E+00,-39.696620E+00
+369.0000E+00,-41.474796E+00
+369.5000E+00,-43.252972E+00
+370.0000E+00,-45.031148E+00
+370.5000E+00,-46.809324E+00
+371.0000E+00,-48.587500E+00
+371.5000E+00,-50.365676E+00
+372.0000E+00,-52.066306E+00
+372.5000E+00,-53.265922E+00
+373.0000E+00,-54.465538E+00
+373.5000E+00,-55.665154E+00
+374.0000E+00,-56.864770E+00
+374.5000E+00,-58.064386E+00
+375.0000E+00,-59.264002E+00
+375.5000E+00,-60.463618E+00
+376.0000E+00,-61.663234E+00
+376.5000E+00,-62.862850E+00
+377.0000E+00,-63.229586E+00
+377.5000E+00,-63.034770E+00
+378.0000E+00,-62.839954E+00
+378.5000E+00,-62.645138E+00
+379.0000E+00,-62.450322E+00
+379.5000E+00,-62.255506E+00
+380.0000E+00,-62.060690E+00
+380.5000E+00,-61.865874E+00
+381.0000E+00,-61.671058E+00
+381.5000E+00,-61.528942E+00
+382.0000E+00,-62.204526E+00
+382.5000E+00,-62.880110E+00
+383.0000E+00,-63.555694E+00
+383.5000E+00,-64.231278E+00
+384.0000E+00,-64.906862E+00
+384.5000E+00,-65.582446E+00
+385.0000E+00,-66.258030E+00
+385.5000E+00,-66.933614E+00
+386.0000E+00,-67.609198E+00
+386.5000E+00,-68.106035E+00
+387.0000E+00,-68.440371E+00
+387.5000E+00,-68.774707E+00
+388.0000E+00,-69.109043E+00
+388.5000E+00,-69.443379E+00
+389.0000E+00,-69.777715E+00
+389.5000E+00,-70.112051E+00
+390.0000E+00,-70.446387E+00
+390.5000E+00,-70.780723E+00
+391.0000E+00,-71.115059E+00
+391.5000E+00,-70.807821E+00
+392.0000E+00,-70.492173E+00
+392.5000E+00,-70.176525E+00
+393.0000E+00,-69.860877E+00
+393.5000E+00,-69.545229E+00
+394.0000E+00,-69.229581E+00
+394.5000E+00,-68.913933E+00
+395.0000E+00,-68.598285E+00
+395.5000E+00,-68.282637E+00
+396.0000E+00,-67.854244E+00
+396.5000E+00,-67.288228E+00
+397.0000E+00,-66.722212E+00
+397.5000E+00,-66.156196E+00
+398.0000E+00,-65.590180E+00
+398.5000E+00,-65.024164E+00
+399.0000E+00,-64.458148E+00
+399.5000E+00,-63.892132E+00
+400.0000E+00,-63.326116E+00
+400.5000E+00,-62.760100E+00
+401.0000E+00,-63.159520E+00
+401.5000E+00,-63.650272E+00
+402.0000E+00,-64.141024E+00
+402.5000E+00,-64.631776E+00
+403.0000E+00,-65.122528E+00
+403.5000E+00,-65.613280E+00
+404.0000E+00,-66.104032E+00
+404.5000E+00,-66.594784E+00
+405.0000E+00,-67.085536E+00
+405.5000E+00,-67.609666E+00
+406.0000E+00,-68.188994E+00
+406.5000E+00,-68.768322E+00
+407.0000E+00,-69.347650E+00
+407.5000E+00,-69.926978E+00
+408.0000E+00,-70.506306E+00
+408.5000E+00,-71.085634E+00
+409.0000E+00,-71.664962E+00
+409.5000E+00,-72.244290E+00
+410.0000E+00,-72.823618E+00
+410.5000E+00,-72.182036E+00
+411.0000E+00,-71.308052E+00
+411.5000E+00,-70.434068E+00
+412.0000E+00,-69.560084E+00
+412.5000E+00,-68.686100E+00
+413.0000E+00,-67.812116E+00
+413.5000E+00,-66.938132E+00
+414.0000E+00,-66.064148E+00
+414.5000E+00,-65.190164E+00
+415.0000E+00,-64.626184E+00
+415.5000E+00,-64.774152E+00
+416.0000E+00,-64.922120E+00
+416.5000E+00,-65.070088E+00
+417.0000E+00,-65.218056E+00
+417.5000E+00,-65.366024E+00
+418.0000E+00,-65.513992E+00
+418.5000E+00,-65.661960E+00
+419.0000E+00,-65.809928E+00
+419.5000E+00,-65.957896E+00
+420.0000E+00,-66.235193E+00
+420.5000E+00,-66.551865E+00
+421.0000E+00,-66.868537E+00
+421.5000E+00,-67.185209E+00
+422.0000E+00,-67.501881E+00
+422.5000E+00,-67.818553E+00
+423.0000E+00,-68.135225E+00
+423.5000E+00,-68.451897E+00
+424.0000E+00,-68.768569E+00
+424.5000E+00,-69.029457E+00
+425.0000E+00,-69.103441E+00
+425.5000E+00,-69.177425E+00
+426.0000E+00,-69.251409E+00
+426.5000E+00,-69.325393E+00
+427.0000E+00,-69.399377E+00
+427.5000E+00,-69.473361E+00
+428.0000E+00,-69.547345E+00
+428.5000E+00,-69.621329E+00
+429.0000E+00,-69.695313E+00
+429.5000E+00,-69.229177E+00
+430.0000E+00,-68.523897E+00
+430.5000E+00,-67.818617E+00
+431.0000E+00,-67.113337E+00
+431.5000E+00,-66.408057E+00
+432.0000E+00,-65.702777E+00
+432.5000E+00,-64.997497E+00
+433.0000E+00,-64.292217E+00
+433.5000E+00,-63.586937E+00
+434.0000E+00,-63.046346E+00
+434.5000E+00,-63.394250E+00
+435.0000E+00,-63.742154E+00
+435.5000E+00,-64.090058E+00
+436.0000E+00,-64.437962E+00
+436.5000E+00,-64.785866E+00
+437.0000E+00,-65.133770E+00
+437.5000E+00,-65.481674E+00
+438.0000E+00,-65.829578E+00
+438.5000E+00,-66.177482E+00
+439.0000E+00,-66.430528E+00
+439.5000E+00,-66.625344E+00
+440.0000E+00,-66.820160E+00
+440.5000E+00,-67.014976E+00
+441.0000E+00,-67.209792E+00
+441.5000E+00,-67.404608E+00
+442.0000E+00,-67.599424E+00
+442.5000E+00,-67.794240E+00
+443.0000E+00,-67.989056E+00
+443.5000E+00,-68.202354E+00
+444.0000E+00,-68.620146E+00
+444.5000E+00,-69.037938E+00
+445.0000E+00,-69.455730E+00
+445.5000E+00,-69.873522E+00
+446.0000E+00,-70.291314E+00
+446.5000E+00,-70.709106E+00
+447.0000E+00,-71.126898E+00
+447.5000E+00,-71.544690E+00
+448.0000E+00,-71.962482E+00
+448.5000E+00,-72.041788E+00
+449.0000E+00,-71.839804E+00
+449.5000E+00,-71.637820E+00
+450.0000E+00,-71.435836E+00
+450.5000E+00,-71.233852E+00
+451.0000E+00,-71.031868E+00
+451.5000E+00,-70.829884E+00
+452.0000E+00,-70.627900E+00
+452.5000E+00,-70.425916E+00
+453.0000E+00,-70.220452E+00
+453.5000E+00,-69.648292E+00
+454.0000E+00,-69.076132E+00
+454.5000E+00,-68.503972E+00
+455.0000E+00,-67.931812E+00
+455.5000E+00,-67.359652E+00
+456.0000E+00,-66.787492E+00
+456.5000E+00,-66.215332E+00
+457.0000E+00,-65.643172E+00
+457.5000E+00,-65.071012E+00
+458.0000E+00,-64.477798E+00
+458.5000E+00,-63.861094E+00
+459.0000E+00,-63.244390E+00
+459.5000E+00,-62.627686E+00
+460.0000E+00,-62.010982E+00
+460.5000E+00,-61.394278E+00
+461.0000E+00,-60.777574E+00
+461.5000E+00,-60.160870E+00
+462.0000E+00,-59.544166E+00
+462.5000E+00,-58.927462E+00
+463.0000E+00,-58.286799E+00
+463.5000E+00,-57.644495E+00
+464.0000E+00,-57.002191E+00
+464.5000E+00,-56.359887E+00
+465.0000E+00,-55.717583E+00
+465.5000E+00,-55.075279E+00
+466.0000E+00,-54.432975E+00
+466.5000E+00,-53.790671E+00
+467.0000E+00,-53.148367E+00
+467.5000E+00,-52.140334E+00
+468.0000E+00,-50.581806E+00
+468.5000E+00,-49.023278E+00
+469.0000E+00,-47.464750E+00
+469.5000E+00,-45.906222E+00
+470.0000E+00,-44.347694E+00
+470.5000E+00,-42.789166E+00
+471.0000E+00,-41.230638E+00
+471.5000E+00,-39.672110E+00
+472.0000E+00,-38.113582E+00
+472.5000E+00,-36.494560E+00
+473.0000E+00,-34.865888E+00
+473.5000E+00,-33.237216E+00
+474.0000E+00,-31.608544E+00
+474.5000E+00,-29.979872E+00
+475.0000E+00,-28.351200E+00
+475.5000E+00,-26.722528E+00
+476.0000E+00,-25.093856E+00
+476.5000E+00,-23.465184E+00
+477.0000E+00,-22.307914E+00
+477.5000E+00,-22.126666E+00
+478.0000E+00,-21.945418E+00
+478.5000E+00,-21.764170E+00
+479.0000E+00,-21.582922E+00
+479.5000E+00,-21.401674E+00
+480.0000E+00,-21.220426E+00
+480.5000E+00,-21.039178E+00
+481.0000E+00,-20.857930E+00
+481.5000E+00,-20.676682E+00
+482.0000E+00,-21.448726E+00
+482.5000E+00,-22.475798E+00
+483.0000E+00,-23.502870E+00
+483.5000E+00,-24.529942E+00
+484.0000E+00,-25.557014E+00
+484.5000E+00,-26.584086E+00
+485.0000E+00,-27.611158E+00
+485.5000E+00,-28.638230E+00
+486.0000E+00,-29.665302E+00
+486.5000E+00,-30.998659E+00
+487.0000E+00,-33.240195E+00
+487.5000E+00,-35.481731E+00
+488.0000E+00,-37.723267E+00
+488.5000E+00,-39.964803E+00
+489.0000E+00,-42.206339E+00
+489.5000E+00,-44.447875E+00
+490.0000E+00,-46.689411E+00
+490.5000E+00,-48.930947E+00
+491.0000E+00,-51.172483E+00
+491.5000E+00,-52.550437E+00
+492.0000E+00,-53.584933E+00
+492.5000E+00,-54.619429E+00
+493.0000E+00,-55.653925E+00
+493.5000E+00,-56.688421E+00
+494.0000E+00,-57.722917E+00
+494.5000E+00,-58.757413E+00
+495.0000E+00,-59.791909E+00
+495.5000E+00,-60.826405E+00
+496.0000E+00,-61.957845E+00
+496.5000E+00,-63.534805E+00
+497.0000E+00,-65.111765E+00
+497.5000E+00,-66.688725E+00
+498.0000E+00,-68.265685E+00
+498.5000E+00,-69.842645E+00
+499.0000E+00,-71.419605E+00
+499.5000E+00,-72.996565E+00
+500.0000E+00,-74.573525E+00
+500.5000E+00,-76.150485E+00
+501.0000E+00,-76.213346E+00
+501.5000E+00,-75.431778E+00
+502.0000E+00,-74.650210E+00
+502.5000E+00,-73.868642E+00
+503.0000E+00,-73.087074E+00
+503.5000E+00,-72.305506E+00
+504.0000E+00,-71.523938E+00
+504.5000E+00,-70.742370E+00
+505.0000E+00,-69.960802E+00
+505.5000E+00,-69.285988E+00
+506.0000E+00,-69.518948E+00
+506.5000E+00,-69.751908E+00
+507.0000E+00,-69.984868E+00
+507.5000E+00,-70.217828E+00
+508.0000E+00,-70.450788E+00
+508.5000E+00,-70.683748E+00
+509.0000E+00,-70.916708E+00
+509.5000E+00,-71.149668E+00
+510.0000E+00,-71.382628E+00
+510.5000E+00,-71.342280E+00
+511.0000E+00,-71.094472E+00
+511.5000E+00,-70.846664E+00
+512.0000E+00,-70.598856E+00
+512.5000E+00,-70.351048E+00
+513.0000E+00,-70.103240E+00
+513.5000E+00,-69.855432E+00
+514.0000E+00,-69.607624E+00
+514.5000E+00,-69.359816E+00
+515.0000E+00,-69.101478E+00
+515.5000E+00,-68.521894E+00
+516.0000E+00,-67.942310E+00
+516.5000E+00,-67.362726E+00
+517.0000E+00,-66.783142E+00
+517.5000E+00,-66.203558E+00
+518.0000E+00,-65.623974E+00
+518.5000E+00,-65.044390E+00
+519.0000E+00,-64.464806E+00
+519.5000E+00,-63.885222E+00
+520.0000E+00,-63.546784E+00
+520.5000E+00,-63.454368E+00
+521.0000E+00,-63.361952E+00
+521.5000E+00,-63.269536E+00
+522.0000E+00,-63.177120E+00
+522.5000E+00,-63.084704E+00
+523.0000E+00,-62.992288E+00
+523.5000E+00,-62.899872E+00
+524.0000E+00,-62.807456E+00
+524.5000E+00,-62.715040E+00
+525.0000E+00,-62.855180E+00
+525.5000E+00,-63.005452E+00
+526.0000E+00,-63.155724E+00
+526.5000E+00,-63.305996E+00
+527.0000E+00,-63.456268E+00
+527.5000E+00,-63.606540E+00
+528.0000E+00,-63.756812E+00
+528.5000E+00,-63.907084E+00
+529.0000E+00,-64.057356E+00
+529.5000E+00,-64.586595E+00
+530.0000E+00,-65.635939E+00
+530.5000E+00,-66.685283E+00
+531.0000E+00,-67.734627E+00
+531.5000E+00,-68.783971E+00
+532.0000E+00,-69.833315E+00
+532.5000E+00,-70.882659E+00
+533.0000E+00,-71.932003E+00
+533.5000E+00,-72.981347E+00
+534.0000E+00,-74.030691E+00
+534.5000E+00,-73.257163E+00
+535.0000E+00,-72.246219E+00
+535.5000E+00,-71.235275E+00
+536.0000E+00,-70.224331E+00
+536.5000E+00,-69.213387E+00
+537.0000E+00,-68.202443E+00
+537.5000E+00,-67.191499E+00
+538.0000E+00,-66.180555E+00
+538.5000E+00,-65.169611E+00
+539.0000E+00,-64.418642E+00
+539.5000E+00,-64.154706E+00
+540.0000E+00,-63.890770E+00
+540.5000E+00,-63.626834E+00
+541.0000E+00,-63.362898E+00
+541.5000E+00,-63.098962E+00
+542.0000E+00,-62.835026E+00
+542.5000E+00,-62.571090E+00
+543.0000E+00,-62.307154E+00
+543.5000E+00,-62.043218E+00
+544.0000E+00,-62.573687E+00
+544.5000E+00,-63.288951E+00
+545.0000E+00,-64.004215E+00
+545.5000E+00,-64.719479E+00
+546.0000E+00,-65.434743E+00
+546.5000E+00,-66.150007E+00
+547.0000E+00,-66.865271E+00
+547.5000E+00,-67.580535E+00
+548.0000E+00,-68.295799E+00
+548.5000E+00,-68.960882E+00
+549.0000E+00,-69.493362E+00
+549.5000E+00,-70.025842E+00
+550.0000E+00,-70.558322E+00
+550.5000E+00,-71.090802E+00
+551.0000E+00,-71.623282E+00
+551.5000E+00,-72.155762E+00
+552.0000E+00,-72.688242E+00
+552.5000E+00,-73.220722E+00
+553.0000E+00,-73.753202E+00
+553.5000E+00,-73.530749E+00
+554.0000E+00,-73.039997E+00
+554.5000E+00,-72.549245E+00
+555.0000E+00,-72.058493E+00
+555.5000E+00,-71.567741E+00
+556.0000E+00,-71.076989E+00
+556.5000E+00,-70.586237E+00
+557.0000E+00,-70.095485E+00
+557.5000E+00,-69.604733E+00
+558.0000E+00,-69.113981E+00
+558.5000E+00,-68.623229E+00
+559.0000E+00,-68.132477E+00
+559.5000E+00,-67.641725E+00
+560.0000E+00,-67.150973E+00
+560.5000E+00,-66.660221E+00
+561.0000E+00,-66.169469E+00
+561.5000E+00,-65.678717E+00
+562.0000E+00,-65.187965E+00
+562.5000E+00,-64.697213E+00
+563.0000E+00,-64.803720E+00
+563.5000E+00,-65.212040E+00
+564.0000E+00,-65.620360E+00
+564.5000E+00,-66.028680E+00
+565.0000E+00,-66.437000E+00
+565.5000E+00,-66.845320E+00
+566.0000E+00,-67.253640E+00
+566.5000E+00,-67.661960E+00
+567.0000E+00,-68.070280E+00
+567.5000E+00,-68.554232E+00
+568.0000E+00,-69.555448E+00
+568.5000E+00,-70.556664E+00
+569.0000E+00,-71.557880E+00
+569.5000E+00,-72.559096E+00
+570.0000E+00,-73.560312E+00
+570.5000E+00,-74.561528E+00
+571.0000E+00,-75.562744E+00
+571.5000E+00,-76.563960E+00
+572.0000E+00,-77.565176E+00
+572.5000E+00,-77.122409E+00
+573.0000E+00,-75.679593E+00
+573.5000E+00,-74.236777E+00
+574.0000E+00,-72.793961E+00
+574.5000E+00,-71.351145E+00
+575.0000E+00,-69.908329E+00
+575.5000E+00,-68.465513E+00
+576.0000E+00,-67.022697E+00
+576.5000E+00,-65.579881E+00
+577.0000E+00,-64.218230E+00
+577.5000E+00,-64.276342E+00
+578.0000E+00,-64.334454E+00
+578.5000E+00,-64.392566E+00
+579.0000E+00,-64.450678E+00
+579.5000E+00,-64.508790E+00
+580.0000E+00,-64.566902E+00
+580.5000E+00,-64.625014E+00
+581.0000E+00,-64.683126E+00
+581.5000E+00,-64.741238E+00
+582.0000E+00,-64.314497E+00
+582.5000E+00,-63.435393E+00
+583.0000E+00,-62.556289E+00
+583.5000E+00,-61.677185E+00
+584.0000E+00,-60.798081E+00
+584.5000E+00,-59.918977E+00
+585.0000E+00,-59.039873E+00
+585.5000E+00,-58.160769E+00
+586.0000E+00,-57.281665E+00
+586.5000E+00,-56.402561E+00
+587.0000E+00,-55.241549E+00
+587.5000E+00,-54.074957E+00
+588.0000E+00,-52.908365E+00
+588.5000E+00,-51.741773E+00
+589.0000E+00,-50.575181E+00
+589.5000E+00,-49.408589E+00
+590.0000E+00,-48.241997E+00
+590.5000E+00,-47.075405E+00
+591.0000E+00,-45.908813E+00
+591.5000E+00,-44.324762E+00
+592.0000E+00,-42.217626E+00
+592.5000E+00,-40.110490E+00
+593.0000E+00,-38.003354E+00
+593.5000E+00,-35.896218E+00
+594.0000E+00,-33.789082E+00
+594.5000E+00,-31.681946E+00
+595.0000E+00,-29.574810E+00
+595.5000E+00,-27.467674E+00
+596.0000E+00,-25.360538E+00
+596.5000E+00,-24.835973E+00
+597.0000E+00,-24.473477E+00
+597.5000E+00,-24.110981E+00
+598.0000E+00,-23.748485E+00
+598.5000E+00,-23.385989E+00
+599.0000E+00,-23.023493E+00
+599.5000E+00,-22.660997E+00
+600.0000E+00,-22.298501E+00
+600.5000E+00,-21.936005E+00
+601.0000E+00,-21.994097E+00
+601.5000E+00,-22.767217E+00
+602.0000E+00,-23.540337E+00
+602.5000E+00,-24.313457E+00
+603.0000E+00,-25.086577E+00
+603.5000E+00,-25.859697E+00
+604.0000E+00,-26.632817E+00
+604.5000E+00,-27.405937E+00
+605.0000E+00,-28.179057E+00
+605.5000E+00,-28.952177E+00
+606.0000E+00,-32.097521E+00
+606.5000E+00,-35.716337E+00
+607.0000E+00,-39.335153E+00
+607.5000E+00,-42.953969E+00
+608.0000E+00,-46.572785E+00
+608.5000E+00,-50.191601E+00
+609.0000E+00,-53.810417E+00
+609.5000E+00,-57.429233E+00
+610.0000E+00,-61.048049E+00
+610.5000E+00,-63.874717E+00
+611.0000E+00,-64.825245E+00
+611.5000E+00,-65.775773E+00
+612.0000E+00,-66.726301E+00
+612.5000E+00,-67.676829E+00
+613.0000E+00,-68.627357E+00
+613.5000E+00,-69.577885E+00
+614.0000E+00,-70.528413E+00
+614.5000E+00,-71.478941E+00
+615.0000E+00,-72.429469E+00
+615.5000E+00,-72.428823E+00
+616.0000E+00,-72.128023E+00
+616.5000E+00,-71.827223E+00
+617.0000E+00,-71.526423E+00
+617.5000E+00,-71.225623E+00
+618.0000E+00,-70.924823E+00
+618.5000E+00,-70.624023E+00
+619.0000E+00,-70.323223E+00
+619.5000E+00,-70.022423E+00
+620.0000E+00,-69.783614E+00
+620.5000E+00,-69.760318E+00
+621.0000E+00,-69.737022E+00
+621.5000E+00,-69.713726E+00
+622.0000E+00,-69.690430E+00
+622.5000E+00,-69.667134E+00
+623.0000E+00,-69.643838E+00
+623.5000E+00,-69.620542E+00
+624.0000E+00,-69.597246E+00
+624.5000E+00,-69.573950E+00
+625.0000E+00,-69.558213E+00
+625.5000E+00,-69.545925E+00
+626.0000E+00,-69.533637E+00
+626.5000E+00,-69.521349E+00
+627.0000E+00,-69.509061E+00
+627.5000E+00,-69.496773E+00
+628.0000E+00,-69.484485E+00
+628.5000E+00,-69.472197E+00
+629.0000E+00,-69.459909E+00
+629.5000E+00,-69.286254E+00
+630.0000E+00,-68.197486E+00
+630.5000E+00,-67.108718E+00
+631.0000E+00,-66.019950E+00
+631.5000E+00,-64.931182E+00
+632.0000E+00,-63.842414E+00
+632.5000E+00,-62.753646E+00
+633.0000E+00,-61.664878E+00
+633.5000E+00,-60.576110E+00
+634.0000E+00,-59.487342E+00
+634.5000E+00,-58.950476E+00
+635.0000E+00,-58.761804E+00
+635.5000E+00,-58.573132E+00
+636.0000E+00,-58.384460E+00
+636.5000E+00,-58.195788E+00
+637.0000E+00,-58.007116E+00
+637.5000E+00,-57.818444E+00
+638.0000E+00,-57.629772E+00
+638.5000E+00,-57.441100E+00
+639.0000E+00,-57.320838E+00
+639.5000E+00,-58.027398E+00
+640.0000E+00,-58.733958E+00
+640.5000E+00,-59.440518E+00
+641.0000E+00,-60.147078E+00
+641.5000E+00,-60.853638E+00
+642.0000E+00,-61.560198E+00
+642.5000E+00,-62.266758E+00
+643.0000E+00,-62.973318E+00
+643.5000E+00,-63.679878E+00
+644.0000E+00,-64.463529E+00
+644.5000E+00,-65.312937E+00
+645.0000E+00,-66.162345E+00
+645.5000E+00,-67.011753E+00
+646.0000E+00,-67.861161E+00
+646.5000E+00,-68.710569E+00
+647.0000E+00,-69.559977E+00
+647.5000E+00,-70.409385E+00
+648.0000E+00,-71.258793E+00
+648.5000E+00,-72.104214E+00
+649.0000E+00,-71.592470E+00
+649.5000E+00,-71.080726E+00
+650.0000E+00,-70.568982E+00
+650.5000E+00,-70.057238E+00
+651.0000E+00,-69.545494E+00
+651.5000E+00,-69.033750E+00
+652.0000E+00,-68.522006E+00
+652.5000E+00,-68.010262E+00
+653.0000E+00,-67.498518E+00
+653.5000E+00,-68.041653E+00
+654.0000E+00,-69.792693E+00
+654.5000E+00,-71.543733E+00
+655.0000E+00,-73.294773E+00
+655.5000E+00,-75.045813E+00
+656.0000E+00,-76.796853E+00
+656.5000E+00,-78.547893E+00
+657.0000E+00,-80.298933E+00
+657.5000E+00,-82.049973E+00
+658.0000E+00,-83.801013E+00
+658.5000E+00,-83.507218E+00
+659.0000E+00,-83.058194E+00
+659.5000E+00,-82.609170E+00
+660.0000E+00,-82.160146E+00
+660.5000E+00,-81.711122E+00
+661.0000E+00,-81.262098E+00
+661.5000E+00,-80.813074E+00
+662.0000E+00,-80.364050E+00
+662.5000E+00,-79.915026E+00
+663.0000E+00,-79.203213E+00
+663.5000E+00,-78.085005E+00
+664.0000E+00,-76.966797E+00
+664.5000E+00,-75.848589E+00
+665.0000E+00,-74.730381E+00
+665.5000E+00,-73.612173E+00
+666.0000E+00,-72.493965E+00
+666.5000E+00,-71.375757E+00
+667.0000E+00,-70.257549E+00
+667.5000E+00,-69.139341E+00
+668.0000E+00,-69.336103E+00
+668.5000E+00,-69.754151E+00
+669.0000E+00,-70.172199E+00
+669.5000E+00,-70.590247E+00
+670.0000E+00,-71.008295E+00
+670.5000E+00,-71.426343E+00
+671.0000E+00,-71.844391E+00
+671.5000E+00,-72.262439E+00
+672.0000E+00,-72.680487E+00
+672.5000E+00,-73.436605E+00
+673.0000E+00,-74.913725E+00
+673.5000E+00,-76.390845E+00
+674.0000E+00,-77.867965E+00
+674.5000E+00,-79.345085E+00
+675.0000E+00,-80.822205E+00
+675.5000E+00,-82.299325E+00
+676.0000E+00,-83.776445E+00
+676.5000E+00,-85.253565E+00
+677.0000E+00,-86.730685E+00
+677.5000E+00,-86.351509E+00
+678.0000E+00,-85.456277E+00
+678.5000E+00,-84.561045E+00
+679.0000E+00,-83.665813E+00
+679.5000E+00,-82.770581E+00
+680.0000E+00,-81.875349E+00
+680.5000E+00,-80.980117E+00
+681.0000E+00,-80.084885E+00
+681.5000E+00,-79.189653E+00
+682.0000E+00,-78.305367E+00
+682.5000E+00,-77.454679E+00
+683.0000E+00,-76.603991E+00
+683.5000E+00,-75.753303E+00
+684.0000E+00,-74.902615E+00
+684.5000E+00,-74.051927E+00
+685.0000E+00,-73.201239E+00
+685.5000E+00,-72.350551E+00
+686.0000E+00,-71.499863E+00
+686.5000E+00,-70.649175E+00
+687.0000E+00,-70.509059E+00
+687.5000E+00,-70.660611E+00
+688.0000E+00,-70.812163E+00
+688.5000E+00,-70.963715E+00
+689.0000E+00,-71.115267E+00
+689.5000E+00,-71.266819E+00
+690.0000E+00,-71.418371E+00
+690.5000E+00,-71.569923E+00
+691.0000E+00,-71.721475E+00
+691.5000E+00,-71.860328E+00
+692.0000E+00,-71.938152E+00
+692.5000E+00,-72.015976E+00
+693.0000E+00,-72.093800E+00
+693.5000E+00,-72.171624E+00
+694.0000E+00,-72.249448E+00
+694.5000E+00,-72.327272E+00
+695.0000E+00,-72.405096E+00
+695.5000E+00,-72.482920E+00
+696.0000E+00,-72.560744E+00
+696.5000E+00,-72.462052E+00
+697.0000E+00,-72.262116E+00
+697.5000E+00,-72.062180E+00
+698.0000E+00,-71.862244E+00
+698.5000E+00,-71.662308E+00
+699.0000E+00,-71.462372E+00
+699.5000E+00,-71.262436E+00
+700.0000E+00,-71.062500E+00
+700.5000E+00,-70.862564E+00
+701.0000E+00,-70.601296E+00
+701.5000E+00,-69.780304E+00
+702.0000E+00,-68.959312E+00
+702.5000E+00,-68.138320E+00
+703.0000E+00,-67.317328E+00
+703.5000E+00,-66.496336E+00
+704.0000E+00,-65.675344E+00
+704.5000E+00,-64.854352E+00
+705.0000E+00,-64.033360E+00
+705.5000E+00,-63.212368E+00
+706.0000E+00,-63.055071E+00
+706.5000E+00,-63.415007E+00
+707.0000E+00,-63.774943E+00
+707.5000E+00,-64.134879E+00
+708.0000E+00,-64.494815E+00
+708.5000E+00,-64.854751E+00
+709.0000E+00,-65.214687E+00
+709.5000E+00,-65.574623E+00
+710.0000E+00,-65.934559E+00
+710.5000E+00,-66.201869E+00
+711.0000E+00,-62.896141E+00
+711.5000E+00,-59.590413E+00
+712.0000E+00,-56.284685E+00
+712.5000E+00,-52.978957E+00
+713.0000E+00,-49.673229E+00
+713.5000E+00,-46.367501E+00
+714.0000E+00,-43.061773E+00
+714.5000E+00,-39.756045E+00
+715.0000E+00,-36.450317E+00
+715.5000E+00,-34.480007E+00
+716.0000E+00,-33.907847E+00
+716.5000E+00,-33.335687E+00
+717.0000E+00,-32.763527E+00
+717.5000E+00,-32.191367E+00
+718.0000E+00,-31.619207E+00
+718.5000E+00,-31.047047E+00
+719.0000E+00,-30.474887E+00
+719.5000E+00,-29.902727E+00
+720.0000E+00,-29.330567E+00
+720.5000E+00,-29.849987E+00
+721.0000E+00,-30.424707E+00
+721.5000E+00,-30.999427E+00
+722.0000E+00,-31.574147E+00
+722.5000E+00,-32.148867E+00
+723.0000E+00,-32.723587E+00
+723.5000E+00,-33.298307E+00
+724.0000E+00,-33.873027E+00
+724.5000E+00,-34.447747E+00
+725.0000E+00,-35.944504E+00
+725.5000E+00,-38.740792E+00
+726.0000E+00,-41.537080E+00
+726.5000E+00,-44.333368E+00
+727.0000E+00,-47.129656E+00
+727.5000E+00,-49.925944E+00
+728.0000E+00,-52.722232E+00
+728.5000E+00,-55.518520E+00
+729.0000E+00,-58.314808E+00
+729.5000E+00,-61.111096E+00
+730.0000E+00,-63.248142E+00
+730.5000E+00,-65.293838E+00
+731.0000E+00,-67.339534E+00
+731.5000E+00,-69.385230E+00
+732.0000E+00,-71.430926E+00
+732.5000E+00,-73.476622E+00
+733.0000E+00,-75.522318E+00
+733.5000E+00,-77.568014E+00
+734.0000E+00,-79.613710E+00
+734.5000E+00,-80.365594E+00
+735.0000E+00,-78.623258E+00
+735.5000E+00,-76.880922E+00
+736.0000E+00,-75.138586E+00
+736.5000E+00,-73.396250E+00
+737.0000E+00,-71.653914E+00
+737.5000E+00,-69.911578E+00
+738.0000E+00,-68.169242E+00
+738.5000E+00,-66.426906E+00
+739.0000E+00,-64.684570E+00
+739.5000E+00,-64.452649E+00
+740.0000E+00,-64.587049E+00
+740.5000E+00,-64.721449E+00
+741.0000E+00,-64.855849E+00
+741.5000E+00,-64.990249E+00
+742.0000E+00,-65.124649E+00
+742.5000E+00,-65.259049E+00
+743.0000E+00,-65.393449E+00
+743.5000E+00,-65.527849E+00
+744.0000E+00,-65.929680E+00
+744.5000E+00,-67.061712E+00
+745.0000E+00,-68.193744E+00
+745.5000E+00,-69.325776E+00
+746.0000E+00,-70.457808E+00
+746.5000E+00,-71.589840E+00
+747.0000E+00,-72.721872E+00
+747.5000E+00,-73.853904E+00
+748.0000E+00,-74.985936E+00
+748.5000E+00,-76.117968E+00
+749.0000E+00,-75.946958E+00
+749.5000E+00,-75.297230E+00
+750.0000E+00,-74.647502E+00
+750.5000E+00,-73.997774E+00
+751.0000E+00,-73.348046E+00
+751.5000E+00,-72.698318E+00
+752.0000E+00,-72.048590E+00
+752.5000E+00,-71.398862E+00
+753.0000E+00,-70.749134E+00
+753.5000E+00,-70.166802E+00
+754.0000E+00,-69.863442E+00
+754.5000E+00,-69.560082E+00
+755.0000E+00,-69.256722E+00
+755.5000E+00,-68.953362E+00
+756.0000E+00,-68.650002E+00
+756.5000E+00,-68.346642E+00
+757.0000E+00,-68.043282E+00
+757.5000E+00,-67.739922E+00
+758.0000E+00,-67.436562E+00
+758.5000E+00,-67.304303E+00
+759.0000E+00,-67.261039E+00
+759.5000E+00,-67.217775E+00
+760.0000E+00,-67.174511E+00
+760.5000E+00,-67.131247E+00
+761.0000E+00,-67.087983E+00
+761.5000E+00,-67.044719E+00
+762.0000E+00,-67.001455E+00
+762.5000E+00,-66.958191E+00
+763.0000E+00,-66.983933E+00
+763.5000E+00,-67.510525E+00
+764.0000E+00,-68.037117E+00
+764.5000E+00,-68.563709E+00
+765.0000E+00,-69.090301E+00
+765.5000E+00,-69.616893E+00
+766.0000E+00,-70.143485E+00
+766.5000E+00,-70.670077E+00
+767.0000E+00,-71.196669E+00
+767.5000E+00,-71.723261E+00
+768.0000E+00,-71.516245E+00
+768.5000E+00,-70.787413E+00
+769.0000E+00,-70.058581E+00
+769.5000E+00,-69.329749E+00
+770.0000E+00,-68.600917E+00
+770.5000E+00,-67.872085E+00
+771.0000E+00,-67.143253E+00
+771.5000E+00,-66.414421E+00
+772.0000E+00,-65.685589E+00
+772.5000E+00,-65.018463E+00
+773.0000E+00,-65.585759E+00
+773.5000E+00,-66.153055E+00
+774.0000E+00,-66.720351E+00
+774.5000E+00,-67.287647E+00
+775.0000E+00,-67.854943E+00
+775.5000E+00,-68.422239E+00
+776.0000E+00,-68.989535E+00
+776.5000E+00,-69.556831E+00
+777.0000E+00,-70.124127E+00
+777.5000E+00,-70.402788E+00
+778.0000E+00,-70.405092E+00
+778.5000E+00,-70.407396E+00
+779.0000E+00,-70.409700E+00
+779.5000E+00,-70.412004E+00
+780.0000E+00,-70.414308E+00
+780.5000E+00,-70.416612E+00
+781.0000E+00,-70.418916E+00
+781.5000E+00,-70.421220E+00
+782.0000E+00,-70.423524E+00
+782.5000E+00,-69.961243E+00
+783.0000E+00,-69.486619E+00
+783.5000E+00,-69.011995E+00
+784.0000E+00,-68.537371E+00
+784.5000E+00,-68.062747E+00
+785.0000E+00,-67.588123E+00
+785.5000E+00,-67.113499E+00
+786.0000E+00,-66.638875E+00
+786.5000E+00,-66.164251E+00
+787.0000E+00,-66.097865E+00
+787.5000E+00,-66.556617E+00
+788.0000E+00,-67.015369E+00
+788.5000E+00,-67.474121E+00
+789.0000E+00,-67.932873E+00
+789.5000E+00,-68.391625E+00
+790.0000E+00,-68.850377E+00
+790.5000E+00,-69.309129E+00
+791.0000E+00,-69.767881E+00
+791.5000E+00,-70.226633E+00
+792.0000E+00,-70.625208E+00
+792.5000E+00,-71.017144E+00
+793.0000E+00,-71.409080E+00
+793.5000E+00,-71.801016E+00
+794.0000E+00,-72.192952E+00
+794.5000E+00,-72.584888E+00
+795.0000E+00,-72.976824E+00
+795.5000E+00,-73.368760E+00
+796.0000E+00,-73.760696E+00
+796.5000E+00,-73.910892E+00
+797.0000E+00,-73.638508E+00
+797.5000E+00,-73.366124E+00
+798.0000E+00,-73.093740E+00
+798.5000E+00,-72.821356E+00
+799.0000E+00,-72.548972E+00
+799.5000E+00,-72.276588E+00
+800.0000E+00,-72.004204E+00
+800.5000E+00,-71.731820E+00
+801.0000E+00,-71.459436E+00
+801.5000E+00,-70.679063E+00
+802.0000E+00,-69.792535E+00
+802.5000E+00,-68.906007E+00
+803.0000E+00,-68.019479E+00
+803.5000E+00,-67.132951E+00
+804.0000E+00,-66.246423E+00
+804.5000E+00,-65.359895E+00
+805.0000E+00,-64.473367E+00
+805.5000E+00,-63.586839E+00
+806.0000E+00,-63.011142E+00
+806.5000E+00,-63.194950E+00
+807.0000E+00,-63.378758E+00
+807.5000E+00,-63.562566E+00
+808.0000E+00,-63.746374E+00
+808.5000E+00,-63.930182E+00
+809.0000E+00,-64.113990E+00
+809.5000E+00,-64.297798E+00
+810.0000E+00,-64.481606E+00
+810.5000E+00,-64.665414E+00
+811.0000E+00,-64.824912E+00
+811.5000E+00,-64.976464E+00
+812.0000E+00,-65.128016E+00
+812.5000E+00,-65.279568E+00
+813.0000E+00,-65.431120E+00
+813.5000E+00,-65.582672E+00
+814.0000E+00,-65.734224E+00
+814.5000E+00,-65.885776E+00
+815.0000E+00,-66.037328E+00
+815.5000E+00,-66.064268E+00
+816.0000E+00,-65.641356E+00
+816.5000E+00,-65.218444E+00
+817.0000E+00,-64.795532E+00
+817.5000E+00,-64.372620E+00
+818.0000E+00,-63.949708E+00
+818.5000E+00,-63.526796E+00
+819.0000E+00,-63.103884E+00
+819.5000E+00,-62.680972E+00
+820.0000E+00,-62.258060E+00
+820.5000E+00,-62.762712E+00
+821.0000E+00,-63.703512E+00
+821.5000E+00,-64.644312E+00
+822.0000E+00,-65.585112E+00
+822.5000E+00,-66.525912E+00
+823.0000E+00,-67.466712E+00
+823.5000E+00,-68.407512E+00
+824.0000E+00,-69.348312E+00
+824.5000E+00,-70.289112E+00
+825.0000E+00,-71.130147E+00
+825.5000E+00,-71.375395E+00
+826.0000E+00,-71.620643E+00
+826.5000E+00,-71.865891E+00
+827.0000E+00,-72.111139E+00
+827.5000E+00,-72.356387E+00
+828.0000E+00,-72.601635E+00
+828.5000E+00,-72.846883E+00
+829.0000E+00,-73.092131E+00
+829.5000E+00,-73.337379E+00
+830.0000E+00,-71.233215E+00
+830.5000E+00,-67.605951E+00
+831.0000E+00,-63.978687E+00
+831.5000E+00,-60.351423E+00
+832.0000E+00,-56.724159E+00
+832.5000E+00,-53.096895E+00
+833.0000E+00,-49.469631E+00
+833.5000E+00,-45.842367E+00
+834.0000E+00,-42.215103E+00
+834.5000E+00,-38.789284E+00
+835.0000E+00,-38.042020E+00
+835.5000E+00,-37.294756E+00
+836.0000E+00,-36.547492E+00
+836.5000E+00,-35.800228E+00
+837.0000E+00,-35.052964E+00
+837.5000E+00,-34.305700E+00
+838.0000E+00,-33.558436E+00
+838.5000E+00,-32.811172E+00
+839.0000E+00,-32.063908E+00
+839.5000E+00,-31.926799E+00
+840.0000E+00,-32.323855E+00
+840.5000E+00,-32.720911E+00
+841.0000E+00,-33.117967E+00
+841.5000E+00,-33.515023E+00
+842.0000E+00,-33.912079E+00
+842.5000E+00,-34.309135E+00
+843.0000E+00,-34.706191E+00
+843.5000E+00,-35.103247E+00
+844.0000E+00,-35.500303E+00
+844.5000E+00,-37.864387E+00
+845.0000E+00,-40.235459E+00
+845.5000E+00,-42.606531E+00
+846.0000E+00,-44.977603E+00
+846.5000E+00,-47.348675E+00
+847.0000E+00,-49.719747E+00
+847.5000E+00,-52.090819E+00
+848.0000E+00,-54.461891E+00
+848.5000E+00,-56.832963E+00
+849.0000E+00,-58.380929E+00
+849.5000E+00,-58.961537E+00
+850.0000E+00,-59.542145E+00
+850.5000E+00,-60.122753E+00
+851.0000E+00,-60.703361E+00
+851.5000E+00,-61.283969E+00
+852.0000E+00,-61.864577E+00
+852.5000E+00,-62.445185E+00
+853.0000E+00,-63.025793E+00
+853.5000E+00,-63.606401E+00
+854.0000E+00,-64.424944E+00
+854.5000E+00,-65.263344E+00
+855.0000E+00,-66.101744E+00
+855.5000E+00,-66.940144E+00
+856.0000E+00,-67.778544E+00
+856.5000E+00,-68.616944E+00
+857.0000E+00,-69.455344E+00
+857.5000E+00,-70.293744E+00
+858.0000E+00,-71.132144E+00
+858.5000E+00,-72.041042E+00
+859.0000E+00,-73.061970E+00
+859.5000E+00,-74.082898E+00
+860.0000E+00,-75.103826E+00
+860.5000E+00,-76.124754E+00
+861.0000E+00,-77.145682E+00
+861.5000E+00,-78.166610E+00
+862.0000E+00,-79.187538E+00
+862.5000E+00,-80.208466E+00
+863.0000E+00,-81.229394E+00
+863.5000E+00,-81.162108E+00
+864.0000E+00,-80.902012E+00
+864.5000E+00,-80.641916E+00
+865.0000E+00,-80.381820E+00
+865.5000E+00,-80.121724E+00
+866.0000E+00,-79.861628E+00
+866.5000E+00,-79.601532E+00
+867.0000E+00,-79.341436E+00
+867.5000E+00,-79.081340E+00
+868.0000E+00,-78.663121E+00
+868.5000E+00,-77.897425E+00
+869.0000E+00,-77.131729E+00
+869.5000E+00,-76.366033E+00
+870.0000E+00,-75.600337E+00
+870.5000E+00,-74.834641E+00
+871.0000E+00,-74.068945E+00
+871.5000E+00,-73.303249E+00
+872.0000E+00,-72.537553E+00
+872.5000E+00,-71.771857E+00
+873.0000E+00,-71.258852E+00
+873.5000E+00,-70.818788E+00
+874.0000E+00,-70.378724E+00
+874.5000E+00,-69.938660E+00
+875.0000E+00,-69.498596E+00
+875.5000E+00,-69.058532E+00
+876.0000E+00,-68.618468E+00
+876.5000E+00,-68.178404E+00
+877.0000E+00,-67.738340E+00
+877.5000E+00,-67.269304E+00
+878.0000E+00,-66.708152E+00
+878.5000E+00,-66.147000E+00
+879.0000E+00,-65.585848E+00
+879.5000E+00,-65.024696E+00
+880.0000E+00,-64.463544E+00
+880.5000E+00,-63.902392E+00
+881.0000E+00,-63.341240E+00
+881.5000E+00,-62.780088E+00
+882.0000E+00,-62.218936E+00
+882.5000E+00,-62.187065E+00
+883.0000E+00,-62.379321E+00
+883.5000E+00,-62.571577E+00
+884.0000E+00,-62.763833E+00
+884.5000E+00,-62.956089E+00
+885.0000E+00,-63.148345E+00
+885.5000E+00,-63.340601E+00
+886.0000E+00,-63.532857E+00
+886.5000E+00,-63.725113E+00
+887.0000E+00,-63.957260E+00
+887.5000E+00,-64.390156E+00
+888.0000E+00,-64.823052E+00
+888.5000E+00,-65.255948E+00
+889.0000E+00,-65.688844E+00
+889.5000E+00,-66.121740E+00
+890.0000E+00,-66.554636E+00
+890.5000E+00,-66.987532E+00
+891.0000E+00,-67.420428E+00
+891.5000E+00,-67.853324E+00
+892.0000E+00,-68.331953E+00
+892.5000E+00,-68.837553E+00
+893.0000E+00,-69.343153E+00
+893.5000E+00,-69.848753E+00
+894.0000E+00,-70.354353E+00
+894.5000E+00,-70.859953E+00
+895.0000E+00,-71.365553E+00
+895.5000E+00,-71.871153E+00
+896.0000E+00,-72.376753E+00
+896.5000E+00,-72.930689E+00
+897.0000E+00,-73.960065E+00
+897.5000E+00,-74.989441E+00
+898.0000E+00,-76.018817E+00
+898.5000E+00,-77.048193E+00
+899.0000E+00,-78.077569E+00
+899.5000E+00,-79.106945E+00
+900.0000E+00,-80.136321E+00
+900.5000E+00,-81.165697E+00
+901.0000E+00,-82.195073E+00
+901.5000E+00,-81.803969E+00
+902.0000E+00,-80.276417E+00
+902.5000E+00,-78.748865E+00
+903.0000E+00,-77.221313E+00
+903.5000E+00,-75.693761E+00
+904.0000E+00,-74.166209E+00
+904.5000E+00,-72.638657E+00
+905.0000E+00,-71.111105E+00
+905.5000E+00,-69.583553E+00
+906.0000E+00,-68.082445E+00
+906.5000E+00,-67.961613E+00
+907.0000E+00,-67.840781E+00
+907.5000E+00,-67.719949E+00
+908.0000E+00,-67.599117E+00
+908.5000E+00,-67.478285E+00
+909.0000E+00,-67.357453E+00
+909.5000E+00,-67.236621E+00
+910.0000E+00,-67.115789E+00
+910.5000E+00,-66.994957E+00
+911.0000E+00,-67.253353E+00
+911.5000E+00,-67.919209E+00
+912.0000E+00,-68.585065E+00
+912.5000E+00,-69.250921E+00
+913.0000E+00,-69.916777E+00
+913.5000E+00,-70.582633E+00
+914.0000E+00,-71.248489E+00
+914.5000E+00,-71.914345E+00
+915.0000E+00,-72.580201E+00
+915.5000E+00,-73.246057E+00
+916.0000E+00,-72.956013E+00
+916.5000E+00,-72.610669E+00
+917.0000E+00,-72.265325E+00
+917.5000E+00,-71.919981E+00
+918.0000E+00,-71.574637E+00
+918.5000E+00,-71.229293E+00
+919.0000E+00,-70.883949E+00
+919.5000E+00,-70.538605E+00
+920.0000E+00,-70.193261E+00
+920.5000E+00,-69.801582E+00
+921.0000E+00,-69.342830E+00
+921.5000E+00,-68.884078E+00
+922.0000E+00,-68.425326E+00
+922.5000E+00,-67.966574E+00
+923.0000E+00,-67.507822E+00
+923.5000E+00,-67.049070E+00
+924.0000E+00,-66.590318E+00
+924.5000E+00,-66.131566E+00
+925.0000E+00,-65.672814E+00
+925.5000E+00,-66.373074E+00
+926.0000E+00,-67.243730E+00
+926.5000E+00,-68.114386E+00
+927.0000E+00,-68.985042E+00
+927.5000E+00,-69.855698E+00
+928.0000E+00,-70.726354E+00
+928.5000E+00,-71.597010E+00
+929.0000E+00,-72.467666E+00
+929.5000E+00,-73.338322E+00
+930.0000E+00,-73.858133E+00
+930.5000E+00,-73.681749E+00
+931.0000E+00,-73.505365E+00
+931.5000E+00,-73.328981E+00
+932.0000E+00,-73.152597E+00
+932.5000E+00,-72.976213E+00
+933.0000E+00,-72.799829E+00
+933.5000E+00,-72.623445E+00
+934.0000E+00,-72.447061E+00
+934.5000E+00,-72.270677E+00
+935.0000E+00,-72.831678E+00
+935.5000E+00,-73.578942E+00
+936.0000E+00,-74.326206E+00
+936.5000E+00,-75.073470E+00
+937.0000E+00,-75.820734E+00
+937.5000E+00,-76.567998E+00
+938.0000E+00,-77.315262E+00
+938.5000E+00,-78.062526E+00
+939.0000E+00,-78.809790E+00
+939.5000E+00,-79.119346E+00
+940.0000E+00,-78.193394E+00
+940.5000E+00,-77.267442E+00
+941.0000E+00,-76.341490E+00
+941.5000E+00,-75.415538E+00
+942.0000E+00,-74.489586E+00
+942.5000E+00,-73.563634E+00
+943.0000E+00,-72.637682E+00
+943.5000E+00,-71.711730E+00
+944.0000E+00,-70.785778E+00
+944.5000E+00,-70.911780E+00
+945.0000E+00,-71.437092E+00
+945.5000E+00,-71.962404E+00
+946.0000E+00,-72.487716E+00
+946.5000E+00,-73.013028E+00
+947.0000E+00,-73.538340E+00
+947.5000E+00,-74.063652E+00
+948.0000E+00,-74.588964E+00
+948.5000E+00,-75.114276E+00
+949.0000E+00,-75.197225E+00
+949.5000E+00,-73.370921E+00
+950.0000E+00,-71.544617E+00
+950.5000E+00,-69.718313E+00
+951.0000E+00,-67.892009E+00
+951.5000E+00,-66.065705E+00
+952.0000E+00,-64.239401E+00
+952.5000E+00,-62.413097E+00
+953.0000E+00,-60.586793E+00
+953.5000E+00,-58.760489E+00
+954.0000E+00,-57.482125E+00
+954.5000E+00,-56.497037E+00
+955.0000E+00,-55.511949E+00
+955.5000E+00,-54.526861E+00
+956.0000E+00,-53.541773E+00
+956.5000E+00,-52.556685E+00
+957.0000E+00,-51.571597E+00
+957.5000E+00,-50.586509E+00
+958.0000E+00,-49.601421E+00
+958.5000E+00,-48.756538E+00
+959.0000E+00,-48.994618E+00
+959.5000E+00,-49.232698E+00
+960.0000E+00,-49.470778E+00
+960.5000E+00,-49.708858E+00
+961.0000E+00,-49.946938E+00
+961.5000E+00,-50.185018E+00
+962.0000E+00,-50.423098E+00
+962.5000E+00,-50.661178E+00
+963.0000E+00,-50.899258E+00
+963.5000E+00,-51.953065E+00
+964.0000E+00,-53.602729E+00
+964.5000E+00,-55.252393E+00
+965.0000E+00,-56.902057E+00
+965.5000E+00,-58.551721E+00
+966.0000E+00,-60.201385E+00
+966.5000E+00,-61.851049E+00
+967.0000E+00,-63.500713E+00
+967.5000E+00,-65.150377E+00
+968.0000E+00,-66.770427E+00
+968.5000E+00,-67.700219E+00
+969.0000E+00,-68.630011E+00
+969.5000E+00,-69.559803E+00
+970.0000E+00,-70.489595E+00
+970.5000E+00,-71.419387E+00
+971.0000E+00,-72.349179E+00
+971.5000E+00,-73.278971E+00
+972.0000E+00,-74.208763E+00
+972.5000E+00,-75.138555E+00
+973.0000E+00,-75.749150E+00
+973.5000E+00,-76.046110E+00
+974.0000E+00,-76.343070E+00
+974.5000E+00,-76.640030E+00
+975.0000E+00,-76.936990E+00
+975.5000E+00,-77.233950E+00
+976.0000E+00,-77.530910E+00
+976.5000E+00,-77.827870E+00
+977.0000E+00,-78.124830E+00
+977.5000E+00,-78.421790E+00
+978.0000E+00,-77.224015E+00
+978.5000E+00,-75.976271E+00
+979.0000E+00,-74.728527E+00
+979.5000E+00,-73.480783E+00
+980.0000E+00,-72.233039E+00
+980.5000E+00,-70.985295E+00
+981.0000E+00,-69.737551E+00
+981.5000E+00,-68.489807E+00
+982.0000E+00,-67.242063E+00
+982.5000E+00,-66.376883E+00
+983.0000E+00,-66.016947E+00
+983.5000E+00,-65.657011E+00
+984.0000E+00,-65.297075E+00
+984.5000E+00,-64.937139E+00
+985.0000E+00,-64.577203E+00
+985.5000E+00,-64.217267E+00
+986.0000E+00,-63.857331E+00
+986.5000E+00,-63.497395E+00
+987.0000E+00,-63.137459E+00
+987.5000E+00,-63.850178E+00
+988.0000E+00,-64.689858E+00
+988.5000E+00,-65.529538E+00
+989.0000E+00,-66.369218E+00
+989.5000E+00,-67.208898E+00
+990.0000E+00,-68.048578E+00
+990.5000E+00,-68.888258E+00
+991.0000E+00,-69.727938E+00
+991.5000E+00,-70.567618E+00
+992.0000E+00,-71.108001E+00
+992.5000E+00,-71.110305E+00
+993.0000E+00,-71.112609E+00
+993.5000E+00,-71.114913E+00
+994.0000E+00,-71.117217E+00
+994.5000E+00,-71.119521E+00
+995.0000E+00,-71.121825E+00
+995.5000E+00,-71.124129E+00
+996.0000E+00,-71.126433E+00
+996.5000E+00,-71.128737E+00
+997.0000E+00,-71.870991E+00
+997.5000E+00,-72.774927E+00
+998.0000E+00,-73.678863E+00
+998.5000E+00,-74.582799E+00
+999.0000E+00,-75.486735E+00
+999.5000E+00,-76.390671E+00
+1.0000000E+03,-77.294607E+00
+1.0005000E+03,-78.198543E+00
+1.0010000E+03,-79.102479E+00
+1.0015000E+03,-79.490988E+00
+1.0020000E+03,-78.579628E+00
+1.0025000E+03,-77.668268E+00
+1.0030000E+03,-76.756908E+00
+1.0035000E+03,-75.845548E+00
+1.0040000E+03,-74.934188E+00
+1.0045000E+03,-74.022828E+00
+1.0050000E+03,-73.111468E+00
+1.0055000E+03,-72.200108E+00
+1.0060000E+03,-71.288748E+00
+1.0065000E+03,-70.790365E+00
+1.0070000E+03,-70.431709E+00
+1.0075000E+03,-70.073053E+00
+1.0080000E+03,-69.714397E+00
+1.0085000E+03,-69.355741E+00
+1.0090000E+03,-68.997085E+00
+1.0095000E+03,-68.638429E+00
+1.0100000E+03,-68.279773E+00
+1.0105000E+03,-67.921117E+00
+1.0110000E+03,-67.576199E+00
+1.0115000E+03,-67.282823E+00
+1.0120000E+03,-66.989447E+00
+1.0125000E+03,-66.696071E+00
+1.0130000E+03,-66.402695E+00
+1.0135000E+03,-66.109319E+00
+1.0140000E+03,-65.815943E+00
+1.0145000E+03,-65.522567E+00
