+0.0E+00,+95.132E-03
+100E-06,+80.057E-03
+200E-06,+75.031E-03
+300E-06,+64.981E-03
+400E-06,+14.730E-03
+500E-06,+9.705E-03
+600E-06,+4.680E-03
+700E-06,+4.680E-03
+800E-06,+14.730E-03
+900E-06,+29.805E-03
+1.000E-03,+14.730E-03
+1.100E-03,+14.730E-03
+1.200E-03,+14.730E-03
+1.300E-03,+9.705E-03
+1.400E-03,+14.730E-03
+1.500E-03,+14.730E-03
+1.600E-03,-45.572E-03
+1.700E-03,+4.680E-03
+1.800E-03,+4.680E-03
+1.900E-03,+14.730E-03
+2.000E-03,-5.371E-03
+2.100E-03,+14.730E-03
+2.200E-03,+4.680E-03
+2.300E-03,-5.371E-03
+2.400E-03,-5.371E-03
+2.500E-03,+14.730E-03
+2.600E-03,+14.730E-03
+2.700E-03,-10.396E-03
+2.800E-03,+34.830E-03
+2.900E-03,+49.906E-03
+3.000E-03,+14.730E-03
+3.100E-03,+24.780E-03
+3.200E-03,+34.830E-03
+3.300E-03,+19.755E-03
+3.400E-03,+54.931E-03
+3.500E-03,+19.755E-03
+3.600E-03,+54.931E-03
+3.700E-03,+19.755E-03
+3.800E-03,+34.830E-03
+3.900E-03,+24.780E-03
+4.000E-03,+54.931E-03
+4.100E-03,+54.931E-03
+4.200E-03,+54.931E-03
+4.300E-03,+64.981E-03
+4.400E-03,+75.031E-03
+4.500E-03,+80.057E-03
+4.600E-03,+64.981E-03
+4.700E-03,+59.956E-03
+4.800E-03,+75.031E-03
+4.900E-03,+75.031E-03
+5.000E-03,+44.881E-03
+5.100E-03,+4.680E-03
+5.200E-03,+34.830E-03
+5.300E-03,+19.755E-03
+5.400E-03,+34.830E-03
+5.500E-03,+24.780E-03
+5.600E-03,-5.371E-03
+5.700E-03,+14.730E-03
+5.800E-03,+24.780E-03
+5.900E-03,+29.805E-03
+6.000E-03,+34.830E-03
+6.100E-03,+14.730E-03
+6.200E-03,+4.680E-03
+6.300E-03,+19.755E-03
+6.400E-03,-5.371E-03
+6.500E-03,-5.371E-03
+6.600E-03,+4.680E-03
+6.700E-03,+19.755E-03
+6.800E-03,+14.730E-03
+6.900E-03,+19.755E-03
+7.000E-03,+34.830E-03
+7.100E-03,+14.730E-03
+7.200E-03,+14.730E-03
+7.300E-03,+34.830E-03
+7.400E-03,+14.730E-03
+7.500E-03,+14.730E-03
+7.600E-03,+34.830E-03
+7.700E-03,+49.906E-03
+7.800E-03,+54.931E-03
+7.900E-03,+75.031E-03
+8.000E-03,+75.031E-03
+8.100E-03,+59.956E-03
+8.200E-03,+64.981E-03
+8.300E-03,+70.006E-03
+8.400E-03,+75.031E-03
+8.500E-03,+44.881E-03
+8.600E-03,+54.931E-03
+8.700E-03,+64.981E-03
+8.800E-03,+54.931E-03
+8.900E-03,+39.856E-03
+9.000E-03,+24.780E-03
+9.100E-03,+9.705E-03
+9.200E-03,-5.371E-03
+9.300E-03,+14.730E-03
+9.400E-03,+14.730E-03
+9.500E-03,+19.755E-03
+9.600E-03,-5.371E-03
+9.700E-03,-5.371E-03
+9.800E-03,-5.371E-03
+9.900E-03,-5.371E-03
+10.000E-03,+14.730E-03
+10.100E-03,+19.755E-03
+10.200E-03,+14.730E-03
+10.300E-03,+9.705E-03
+10.400E-03,+14.730E-03
+10.500E-03,-345E-06
+10.600E-03,+24.780E-03
+10.700E-03,+14.730E-03
+10.800E-03,-5.371E-03
+10.900E-03,+14.730E-03
+11.000E-03,+14.730E-03
+11.100E-03,+14.730E-03
+11.200E-03,+14.730E-03
+11.300E-03,+29.805E-03
+11.400E-03,+14.730E-03
+11.500E-03,+14.730E-03
+11.600E-03,+34.830E-03
+11.700E-03,+9.705E-03
+11.800E-03,+44.881E-03
+11.900E-03,+29.805E-03
+12.000E-03,+34.830E-03
+12.100E-03,+9.705E-03
+12.200E-03,+34.830E-03
+12.300E-03,+64.981E-03
+12.400E-03,+34.830E-03
+12.500E-03,+59.956E-03
+12.600E-03,+64.981E-03
+12.700E-03,+75.031E-03
+12.800E-03,+115.232E-03
+12.900E-03,+70.006E-03
+13.000E-03,+64.981E-03
+13.100E-03,+90.107E-03
+13.200E-03,+75.031E-03
+13.300E-03,+75.031E-03
+13.400E-03,+54.931E-03
+13.500E-03,+24.780E-03
+13.600E-03,+34.830E-03
+13.700E-03,+14.730E-03
+13.800E-03,+24.780E-03
+13.900E-03,+29.805E-03
+14.000E-03,+34.830E-03
+14.100E-03,+14.730E-03
+14.200E-03,+24.780E-03
+14.300E-03,+34.830E-03
+14.400E-03,+14.730E-03
+14.500E-03,+9.705E-03
+14.600E-03,+24.780E-03
+14.700E-03,+4.680E-03
+14.800E-03,+34.830E-03
+14.900E-03,+14.730E-03
+15.000E-03,+24.780E-03
+15.100E-03,+34.830E-03
+15.200E-03,+14.730E-03
+15.300E-03,+34.830E-03
+15.400E-03,+24.780E-03
+15.500E-03,+19.755E-03
+15.600E-03,+54.931E-03
+15.700E-03,+19.755E-03
+15.800E-03,+44.881E-03
+15.900E-03,+34.830E-03
+16.000E-03,+34.830E-03
+16.100E-03,+59.956E-03
+16.200E-03,+54.931E-03
+16.300E-03,+64.981E-03
+16.400E-03,+95.132E-03
+16.500E-03,+95.132E-03
+16.600E-03,+85.082E-03
+16.700E-03,+75.031E-03
+16.800E-03,+75.031E-03
+16.900E-03,+64.981E-03
+17.000E-03,+54.931E-03
+17.100E-03,+39.856E-03
+17.200E-03,+14.730E-03
+17.300E-03,+19.755E-03
+17.400E-03,+24.780E-03
+17.500E-03,+14.730E-03
+17.600E-03,-25.471E-03
+17.700E-03,+29.805E-03
+17.800E-03,+14.730E-03
+17.900E-03,+9.705E-03
+18.000E-03,+34.830E-03
+18.100E-03,+14.730E-03
+18.200E-03,-15.421E-03
+18.300E-03,+14.730E-03
+18.400E-03,+34.830E-03
+18.500E-03,+9.705E-03
+18.600E-03,+4.680E-03
+18.700E-03,+9.705E-03
+18.800E-03,+14.730E-03
+18.900E-03,+14.730E-03
+19.000E-03,-5.371E-03
+19.100E-03,+19.755E-03
+19.200E-03,-5.371E-03
+19.300E-03,-15.421E-03
+19.400E-03,+24.780E-03
+19.500E-03,+19.755E-03
+19.600E-03,+14.730E-03
+19.700E-03,+14.730E-03
+19.800E-03,+24.780E-03
+19.900E-03,+14.730E-03
+20.000E-03,+34.830E-03
+20.100E-03,+34.830E-03
+20.200E-03,+34.830E-03
+20.300E-03,+14.730E-03
+20.400E-03,+34.830E-03
+20.500E-03,+34.830E-03
+20.600E-03,+34.830E-03
+20.700E-03,+49.906E-03
+20.800E-03,+54.931E-03
+20.900E-03,+70.006E-03
+21.000E-03,+64.981E-03
+21.100E-03,+70.006E-03
+21.200E-03,+75.031E-03
+21.300E-03,+75.031E-03
+21.400E-03,+54.931E-03
+21.500E-03,+80.057E-03
+21.600E-03,+14.730E-03
+21.700E-03,+70.006E-03
+21.800E-03,+44.881E-03
+21.900E-03,+44.881E-03
+22.000E-03,+75.031E-03
+22.100E-03,+4.680E-03
+22.200E-03,+14.730E-03
+22.300E-03,+29.805E-03
+22.400E-03,+34.830E-03
+22.500E-03,-5.371E-03
+22.600E-03,+24.780E-03
+22.700E-03,-5.371E-03
+22.800E-03,+14.730E-03
+22.900E-03,+34.830E-03
+23.000E-03,+14.730E-03
+23.100E-03,+34.830E-03
+23.200E-03,+54.931E-03
+23.300E-03,-5.371E-03
+23.400E-03,+4.680E-03
+23.500E-03,+14.730E-03
+23.600E-03,+14.730E-03
+23.700E-03,+49.906E-03
+23.800E-03,+44.881E-03
+23.900E-03,+14.730E-03
+24.000E-03,+34.830E-03
+24.100E-03,+14.730E-03
+24.200E-03,+44.881E-03
+24.300E-03,+24.780E-03
+24.400E-03,+54.931E-03
+24.500E-03,+59.956E-03
+24.600E-03,+54.931E-03
+24.700E-03,+49.906E-03
+24.800E-03,+54.931E-03
+24.900E-03,+54.931E-03
+25.000E-03,+85.082E-03
+25.100E-03,+75.031E-03
+25.200E-03,+75.031E-03
+25.300E-03,+70.006E-03
+25.400E-03,+34.830E-03
+25.500E-03,+14.730E-03
+25.600E-03,+14.730E-03
+25.700E-03,+24.780E-03
+25.800E-03,+34.830E-03
+25.900E-03,+14.730E-03
+26.000E-03,+14.730E-03
+26.100E-03,-15.421E-03
+26.200E-03,+14.730E-03
+26.300E-03,+34.830E-03
+26.400E-03,-25.471E-03
+26.500E-03,+4.680E-03
+26.600E-03,-15.421E-03
+26.700E-03,+4.680E-03
+26.800E-03,+14.730E-03
+26.900E-03,-5.371E-03
+27.000E-03,+34.830E-03
+27.100E-03,-5.371E-03
+27.200E-03,+14.730E-03
+27.300E-03,+9.705E-03
+27.400E-03,+14.730E-03
+27.500E-03,+14.730E-03
+27.600E-03,+14.730E-03
+27.700E-03,+9.705E-03
+27.800E-03,+24.780E-03
+27.900E-03,+14.730E-03
+28.000E-03,+14.730E-03
+28.100E-03,+24.780E-03
+28.200E-03,+44.881E-03
+28.300E-03,+19.755E-03
+28.400E-03,+14.730E-03
+28.500E-03,+19.755E-03
+28.600E-03,+24.780E-03
+28.700E-03,+19.755E-03
+28.800E-03,+14.730E-03
+28.900E-03,+29.805E-03
+29.000E-03,+75.031E-03
+29.100E-03,+44.881E-03
+29.200E-03,+54.931E-03
+29.300E-03,+64.981E-03
+29.400E-03,+54.931E-03
+29.500E-03,+90.107E-03
+29.600E-03,+75.031E-03
+29.700E-03,+75.031E-03
+29.800E-03,+75.031E-03
+29.900E-03,+80.057E-03
+30.000E-03,+75.031E-03
+30.100E-03,+19.755E-03
+30.200E-03,+44.881E-03
+30.300E-03,+4.680E-03
+30.400E-03,+34.830E-03
+30.500E-03,+24.780E-03
+30.600E-03,+34.830E-03
+30.700E-03,+29.805E-03
+30.800E-03,+14.730E-03
+30.900E-03,+24.780E-03
+31.000E-03,+34.830E-03
+31.100E-03,+39.856E-03
+31.200E-03,-5.371E-03
+31.300E-03,+29.805E-03
+31.400E-03,+24.780E-03
+31.500E-03,+44.881E-03
+31.600E-03,+14.730E-03
+31.700E-03,+75.031E-03
+31.800E-03,+14.730E-03
+31.900E-03,+19.755E-03
+32.000E-03,-5.371E-03
+32.100E-03,+29.805E-03
+32.200E-03,+24.780E-03
+32.300E-03,+29.805E-03
+32.400E-03,+54.931E-03
+32.500E-03,+39.856E-03
+32.600E-03,+34.830E-03
+32.700E-03,+34.830E-03
+32.800E-03,+75.031E-03
+32.900E-03,+70.006E-03
+33.000E-03,+95.132E-03
+33.100E-03,+105.182E-03
+33.200E-03,+75.031E-03
+33.300E-03,+80.057E-03
+33.400E-03,+105.182E-03
+33.500E-03,+70.006E-03
+33.600E-03,+54.931E-03
+33.700E-03,+39.856E-03
+33.800E-03,+54.931E-03
+33.900E-03,+44.881E-03
+34.000E-03,+34.830E-03
+34.100E-03,+29.805E-03
+34.200E-03,+34.830E-03
+34.300E-03,+19.755E-03
+34.400E-03,-5.371E-03
+34.500E-03,-20.446E-03
+34.600E-03,+14.730E-03
+34.700E-03,-345E-06
+34.800E-03,-5.371E-03
+34.900E-03,+24.780E-03
+35.000E-03,-5.371E-03
+35.100E-03,+19.755E-03
+35.200E-03,-5.371E-03
+35.300E-03,+14.730E-03
+35.400E-03,+24.780E-03
+35.500E-03,+29.805E-03
+35.600E-03,+14.730E-03
+35.700E-03,+4.680E-03
+35.800E-03,+14.730E-03
+35.900E-03,+4.680E-03
+36.000E-03,-5.371E-03
+36.100E-03,+29.805E-03
+36.200E-03,+44.881E-03
+36.300E-03,+19.755E-03
+36.400E-03,+14.730E-03
+36.500E-03,+9.705E-03
+36.600E-03,+34.830E-03
+36.700E-03,+14.730E-03
+36.800E-03,-5.371E-03
+36.900E-03,+34.830E-03
+37.000E-03,+4.680E-03
+37.100E-03,-345E-06
+37.200E-03,+34.830E-03
+37.300E-03,+29.805E-03
+37.400E-03,+44.881E-03
+37.500E-03,+24.780E-03
+37.600E-03,+75.031E-03
+37.700E-03,+75.031E-03
+37.800E-03,+64.981E-03
+37.900E-03,+80.057E-03
+38.000E-03,+54.931E-03
+38.100E-03,+90.107E-03
+38.200E-03,+85.082E-03
+38.300E-03,+24.780E-03
+38.400E-03,+54.931E-03
+38.500E-03,+34.830E-03
+38.600E-03,+24.780E-03
+38.700E-03,+49.906E-03
+38.800E-03,+34.830E-03
+38.900E-03,+14.730E-03
+39.000E-03,+14.730E-03
+39.100E-03,+9.705E-03
+39.200E-03,+34.830E-03
+39.300E-03,+39.856E-03
+39.400E-03,+24.780E-03
+39.500E-03,-345E-06
+39.600E-03,+14.730E-03
+39.700E-03,+39.856E-03
+39.800E-03,+4.680E-03
+39.900E-03,+34.830E-03
+40.000E-03,+14.730E-03
+40.100E-03,+54.931E-03
+40.200E-03,+44.881E-03
+40.300E-03,+19.755E-03
+40.400E-03,+14.730E-03
+40.500E-03,+29.805E-03
+40.600E-03,+14.730E-03
+40.700E-03,+19.755E-03
+40.800E-03,+34.830E-03
+40.900E-03,+24.780E-03
+41.000E-03,+14.730E-03
+41.100E-03,+54.931E-03
+41.200E-03,+54.931E-03
+41.300E-03,+64.981E-03
+41.400E-03,+44.881E-03
+41.500E-03,+70.006E-03
+41.600E-03,+34.830E-03
+41.700E-03,+75.031E-03
+41.800E-03,+64.981E-03
+41.900E-03,+75.031E-03
+42.000E-03,+75.031E-03
+42.100E-03,+34.830E-03
+42.200E-03,+24.780E-03
+42.300E-03,+14.730E-03
+42.400E-03,+34.830E-03
+42.500E-03,+39.856E-03
+42.600E-03,-15.421E-03
+42.700E-03,+14.730E-03
+42.800E-03,+14.730E-03
+42.900E-03,-345E-06
+43.000E-03,+14.730E-03
+43.100E-03,+14.730E-03
+43.200E-03,+14.730E-03
+43.300E-03,+24.780E-03
+43.400E-03,+14.730E-03
+43.500E-03,+14.730E-03
+43.600E-03,-5.371E-03
+43.700E-03,-345E-06
+43.800E-03,+24.780E-03
+43.900E-03,-345E-06
+44.000E-03,+34.830E-03
+44.100E-03,+14.730E-03
+44.200E-03,-25.471E-03
+44.300E-03,+14.730E-03
+44.400E-03,+14.730E-03
+44.500E-03,-15.421E-03
+44.600E-03,+14.730E-03
+44.700E-03,+44.881E-03
+44.800E-03,+34.830E-03
+44.900E-03,+29.805E-03
+45.000E-03,+24.780E-03
+45.100E-03,+14.730E-03
+45.200E-03,+34.830E-03
+45.300E-03,+19.755E-03
+45.400E-03,+34.830E-03
+45.500E-03,+14.730E-03
+45.600E-03,+54.931E-03
+45.700E-03,+34.830E-03
+45.800E-03,+44.881E-03
+45.900E-03,+64.981E-03
+46.000E-03,+54.931E-03
+46.100E-03,+70.006E-03
+46.200E-03,+64.981E-03
+46.300E-03,+80.057E-03
+46.400E-03,+54.931E-03
+46.500E-03,+59.956E-03
+46.600E-03,+54.931E-03
+46.700E-03,+34.830E-03
+46.800E-03,+54.931E-03
+46.900E-03,+29.805E-03
+47.000E-03,+14.730E-03
+47.100E-03,+14.730E-03
+47.200E-03,+14.730E-03
+47.300E-03,+9.705E-03
+47.400E-03,+4.680E-03
+47.500E-03,+9.705E-03
+47.600E-03,+54.931E-03
+47.700E-03,+19.755E-03
+47.800E-03,+4.680E-03
+47.900E-03,+24.780E-03
+48.000E-03,+14.730E-03
+48.100E-03,+9.705E-03
+48.200E-03,+24.780E-03
+48.300E-03,+49.906E-03
+48.400E-03,+54.931E-03
+48.500E-03,+34.830E-03
+48.600E-03,+14.730E-03
+48.700E-03,+24.780E-03
+48.800E-03,-5.371E-03
+48.900E-03,+49.906E-03
+49.000E-03,+24.780E-03
+49.100E-03,+64.981E-03
+49.200E-03,+14.730E-03
+49.300E-03,+34.830E-03
+49.400E-03,+54.931E-03
+49.500E-03,+39.856E-03
+49.600E-03,+54.931E-03
+49.700E-03,+70.006E-03
+49.800E-03,+64.981E-03
+49.900E-03,+70.006E-03
+50.000E-03,+95.132E-03
+50.100E-03,+44.881E-03
+50.200E-03,+85.082E-03
+50.300E-03,+54.931E-03
+50.400E-03,+75.031E-03
+50.500E-03,+39.856E-03
+50.600E-03,+24.780E-03
+50.700E-03,+24.780E-03
+50.800E-03,-5.371E-03
+50.900E-03,+29.805E-03
+51.000E-03,+24.780E-03
+51.100E-03,+19.755E-03
+51.200E-03,+14.730E-03
+51.300E-03,+4.680E-03
+51.400E-03,+14.730E-03
+51.500E-03,-10.396E-03
+51.600E-03,+14.730E-03
+51.700E-03,+29.805E-03
+51.800E-03,+4.680E-03
+51.900E-03,-10.396E-03
+52.000E-03,+34.830E-03
+52.100E-03,+9.705E-03
+52.200E-03,+24.780E-03
+52.300E-03,+19.755E-03
+52.400E-03,-25.471E-03
+52.500E-03,+19.755E-03
+52.600E-03,-5.371E-03
+52.700E-03,+14.730E-03
+52.800E-03,+14.730E-03
+52.900E-03,+9.705E-03
+53.000E-03,+34.830E-03
+53.100E-03,+44.881E-03
+53.200E-03,+14.730E-03
+53.300E-03,+9.705E-03
+53.400E-03,+44.881E-03
+53.500E-03,+29.805E-03
+53.600E-03,+14.730E-03
+53.700E-03,+29.805E-03
+53.800E-03,+44.881E-03
+53.900E-03,+29.805E-03
+54.000E-03,+34.830E-03
+54.100E-03,+59.956E-03
+54.200E-03,+54.931E-03
+54.300E-03,+59.956E-03
+54.400E-03,+54.931E-03
+54.500E-03,+85.082E-03
+54.600E-03,+64.981E-03
+54.700E-03,+75.031E-03
+54.800E-03,+95.132E-03
+54.900E-03,+70.006E-03
+55.000E-03,+24.780E-03
+55.100E-03,+39.856E-03
+55.200E-03,-5.371E-03
+55.300E-03,+39.856E-03
+55.400E-03,+24.780E-03
+55.500E-03,+14.730E-03
+55.600E-03,+14.730E-03
+55.700E-03,+29.805E-03
+55.800E-03,+14.730E-03
+55.900E-03,+4.680E-03
+56.000E-03,+34.830E-03
+56.100E-03,+9.705E-03
+56.200E-03,-5.371E-03
+56.300E-03,+14.730E-03
+56.400E-03,+14.730E-03
+56.500E-03,+9.705E-03
+56.600E-03,+14.730E-03
+56.700E-03,+54.931E-03
+56.800E-03,+34.830E-03
+56.900E-03,+29.805E-03
+57.000E-03,+34.830E-03
+57.100E-03,+14.730E-03
+57.200E-03,+34.830E-03
+57.300E-03,+14.730E-03
+57.400E-03,+44.881E-03
+57.500E-03,+39.856E-03
+57.600E-03,+34.830E-03
+57.700E-03,+24.780E-03
+57.800E-03,+54.931E-03
+57.900E-03,+44.881E-03
+58.000E-03,+54.931E-03
+58.100E-03,+90.107E-03
+58.200E-03,+85.082E-03
+58.300E-03,+64.981E-03
+58.400E-03,+54.931E-03
+58.500E-03,+80.057E-03
+58.600E-03,+44.881E-03
+58.700E-03,+24.780E-03
+58.800E-03,+34.830E-03
+58.900E-03,+14.730E-03
+59.000E-03,+34.830E-03
+59.100E-03,-345E-06
+59.200E-03,+34.830E-03
+59.300E-03,+19.755E-03
+59.400E-03,-5.371E-03
+59.500E-03,+19.755E-03
+59.600E-03,+14.730E-03
+59.700E-03,+29.805E-03
+59.800E-03,+4.680E-03
+59.900E-03,-5.371E-03
+60.000E-03,+14.730E-03
+60.100E-03,+4.680E-03
+60.200E-03,+14.730E-03
+60.300E-03,+49.906E-03
+60.400E-03,+14.730E-03
+60.500E-03,+34.830E-03
+60.600E-03,-5.371E-03
+60.700E-03,+19.755E-03
+60.800E-03,+14.730E-03
+60.900E-03,-5.371E-03
+61.000E-03,+24.780E-03
+61.100E-03,+29.805E-03
+61.200E-03,+34.830E-03
+61.300E-03,-15.421E-03
+61.400E-03,+34.830E-03
+61.500E-03,+19.755E-03
+61.600E-03,+34.830E-03
+61.700E-03,+29.805E-03
+61.800E-03,+34.830E-03
+61.900E-03,+4.680E-03
+62.000E-03,+14.730E-03
+62.100E-03,+14.730E-03
+62.200E-03,+14.730E-03
+62.300E-03,+34.830E-03
+62.400E-03,+54.931E-03
+62.500E-03,+75.031E-03
+62.600E-03,+44.881E-03
+62.700E-03,+90.107E-03
+62.800E-03,+75.031E-03
+62.900E-03,+64.981E-03
+63.000E-03,+85.082E-03
+63.100E-03,+85.082E-03
+63.200E-03,+75.031E-03
+63.300E-03,+24.780E-03
+63.400E-03,+44.881E-03
+63.500E-03,+44.881E-03
+63.600E-03,+75.031E-03
+63.700E-03,+34.830E-03
+63.800E-03,+14.730E-03
+63.900E-03,+9.705E-03
+64.000E-03,-25.471E-03
+64.100E-03,+14.730E-03
+64.200E-03,-5.371E-03
+64.300E-03,+4.680E-03
+64.400E-03,+14.730E-03
+64.500E-03,+14.730E-03
+64.600E-03,+14.730E-03
+64.700E-03,+14.730E-03
+64.800E-03,+34.830E-03
+64.900E-03,+34.830E-03
+65.000E-03,+24.780E-03
+65.100E-03,+29.805E-03
+65.200E-03,+34.830E-03
+65.300E-03,-345E-06
+65.400E-03,+24.780E-03
+65.500E-03,-345E-06
+65.600E-03,+34.830E-03
+65.700E-03,+34.830E-03
+65.800E-03,+14.730E-03
+65.900E-03,-5.371E-03
+66.000E-03,+54.931E-03
+66.100E-03,+39.856E-03
+66.200E-03,+44.881E-03
+66.300E-03,+80.057E-03
+66.400E-03,+75.031E-03
+66.500E-03,+85.082E-03
+66.600E-03,+85.082E-03
+66.700E-03,+75.031E-03
+66.800E-03,+75.031E-03
+66.900E-03,+54.931E-03
+67.000E-03,+44.881E-03
+67.100E-03,+4.680E-03
+67.200E-03,+14.730E-03
+67.300E-03,+39.856E-03
+67.400E-03,+24.780E-03
+67.500E-03,+14.730E-03
+67.600E-03,+14.730E-03
+67.700E-03,+29.805E-03
+67.800E-03,+4.680E-03
+67.900E-03,+14.730E-03
+68.000E-03,-5.371E-03
+68.100E-03,+9.705E-03
+68.200E-03,+14.730E-03
+68.300E-03,+19.755E-03
+68.400E-03,+14.730E-03
+68.500E-03,-345E-06
+68.600E-03,+4.680E-03
+68.700E-03,+9.705E-03
+68.800E-03,+14.730E-03
+68.900E-03,+14.730E-03
+69.000E-03,+4.680E-03
+69.100E-03,+19.755E-03
+69.200E-03,+34.830E-03
+69.300E-03,+24.780E-03
+69.400E-03,-5.371E-03
+69.500E-03,+14.730E-03
+69.600E-03,+34.830E-03
+69.700E-03,+39.856E-03
+69.800E-03,+24.780E-03
+69.900E-03,+19.755E-03
+70.000E-03,+14.730E-03
+70.100E-03,+14.730E-03
+70.200E-03,+14.730E-03
+70.300E-03,+34.830E-03
+70.400E-03,+14.730E-03
+70.500E-03,+34.830E-03
+70.600E-03,+24.780E-03
+70.700E-03,+44.881E-03
+70.800E-03,+75.031E-03
+70.900E-03,+75.031E-03
+71.000E-03,+54.931E-03
+71.100E-03,+75.031E-03
+71.200E-03,+75.031E-03
+71.300E-03,+85.082E-03
+71.400E-03,+75.031E-03
+71.500E-03,+80.057E-03
+71.600E-03,+75.031E-03
+71.700E-03,+75.031E-03
+71.800E-03,+44.881E-03
+71.900E-03,+9.705E-03
+72.000E-03,+34.830E-03
+72.100E-03,+34.830E-03
+72.200E-03,+24.780E-03
+72.300E-03,+14.730E-03
+72.400E-03,+34.830E-03
+72.500E-03,+29.805E-03
+72.600E-03,+14.730E-03
+72.700E-03,+14.730E-03
+72.800E-03,+34.830E-03
+72.900E-03,+9.705E-03
+73.000E-03,+34.830E-03
+73.100E-03,+19.755E-03
+73.200E-03,+34.830E-03
+73.300E-03,+14.730E-03
+73.400E-03,+14.730E-03
+73.500E-03,+14.730E-03
+73.600E-03,+14.730E-03
+73.700E-03,+24.780E-03
+73.800E-03,+4.680E-03
+73.900E-03,+14.730E-03
+74.000E-03,+34.830E-03
+74.100E-03,+29.805E-03
+74.200E-03,+24.780E-03
+74.300E-03,+24.780E-03
+74.400E-03,+75.031E-03
+74.500E-03,+49.906E-03
+74.600E-03,+64.981E-03
+74.700E-03,+59.956E-03
+74.800E-03,+75.031E-03
+74.900E-03,+75.031E-03
+75.000E-03,+85.082E-03
+75.100E-03,+59.956E-03
+75.200E-03,+75.031E-03
+75.300E-03,+54.931E-03
+75.400E-03,+44.881E-03
+75.500E-03,+34.830E-03
+75.600E-03,+14.730E-03
+75.700E-03,+9.705E-03
+75.800E-03,+4.680E-03
+75.900E-03,+29.805E-03
+76.000E-03,-25.471E-03
+76.100E-03,-345E-06
+76.200E-03,-15.421E-03
+76.300E-03,-5.371E-03
+76.400E-03,+14.730E-03
+76.500E-03,-5.371E-03
+76.600E-03,+4.680E-03
+76.700E-03,+24.780E-03
+76.800E-03,+34.830E-03
+76.900E-03,-15.421E-03
+77.000E-03,-5.371E-03
+77.100E-03,-15.421E-03
+77.200E-03,-5.371E-03
+77.300E-03,+24.780E-03
+77.400E-03,-5.371E-03
+77.500E-03,+29.805E-03
+77.600E-03,+54.931E-03
+77.700E-03,-20.446E-03
+77.800E-03,+44.881E-03
+77.900E-03,+9.705E-03
+78.000E-03,+14.730E-03
+78.100E-03,+29.805E-03
+78.200E-03,+4.680E-03
+78.300E-03,+29.805E-03
+78.400E-03,+14.730E-03
+78.500E-03,+19.755E-03
+78.600E-03,+24.780E-03
+78.700E-03,+19.755E-03
+78.800E-03,+54.931E-03
+78.900E-03,+54.931E-03
+79.000E-03,+75.031E-03
+79.100E-03,+54.931E-03
+79.200E-03,+75.031E-03
+79.300E-03,+75.031E-03
+79.400E-03,+64.981E-03
+79.500E-03,+90.107E-03
+79.600E-03,+54.931E-03
+79.700E-03,+80.057E-03
+79.800E-03,+75.031E-03
+79.900E-03,+49.906E-03
+80.000E-03,+54.931E-03
+80.100E-03,+44.881E-03
+80.200E-03,+34.830E-03
+80.300E-03,+34.830E-03
+80.400E-03,+34.830E-03
+80.500E-03,+49.906E-03
+80.600E-03,+24.780E-03
+80.700E-03,+29.805E-03
+80.800E-03,+34.830E-03
+80.900E-03,+29.805E-03
+81.000E-03,+24.780E-03
+81.100E-03,+9.705E-03
+81.200E-03,+54.931E-03
+81.300E-03,+49.906E-03
+81.400E-03,+24.780E-03
+81.500E-03,+34.830E-03
+81.600E-03,-5.371E-03
+81.700E-03,+9.705E-03
+81.800E-03,+14.730E-03
+81.900E-03,+19.755E-03
+82.000E-03,+34.830E-03
+82.100E-03,+49.906E-03
+82.200E-03,+54.931E-03
+82.300E-03,+24.780E-03
+82.400E-03,+14.730E-03
+82.500E-03,+34.830E-03
+82.600E-03,+24.780E-03
+82.700E-03,+70.006E-03
+82.800E-03,+54.931E-03
+82.900E-03,+70.006E-03
+83.000E-03,+75.031E-03
+83.100E-03,+75.031E-03
+83.200E-03,+34.830E-03
+83.300E-03,+85.082E-03
+83.400E-03,+44.881E-03
+83.500E-03,+54.931E-03
+83.600E-03,+34.830E-03
+83.700E-03,+24.780E-03
+83.800E-03,+24.780E-03
+83.900E-03,-15.421E-03
+84.000E-03,+14.730E-03
+84.100E-03,+14.730E-03
+84.200E-03,+14.730E-03
+84.300E-03,+19.755E-03
+84.400E-03,+14.730E-03
+84.500E-03,+9.705E-03
+84.600E-03,-5.371E-03
+84.700E-03,-5.371E-03
+84.800E-03,+14.730E-03
+84.900E-03,+14.730E-03
+85.000E-03,+4.680E-03
+85.100E-03,+14.730E-03
+85.200E-03,-5.371E-03
+85.300E-03,-10.396E-03
+85.400E-03,+24.780E-03
+85.500E-03,+24.780E-03
+85.600E-03,+14.730E-03
+85.700E-03,+24.780E-03
+85.800E-03,-5.371E-03
+85.900E-03,+9.705E-03
+86.000E-03,-5.371E-03
+86.100E-03,-345E-06
+86.200E-03,+14.730E-03
+86.300E-03,+24.780E-03
+86.400E-03,-25.471E-03
+86.500E-03,-345E-06
+86.600E-03,+44.881E-03
+86.700E-03,+49.906E-03
+86.800E-03,+34.830E-03
+86.900E-03,+4.680E-03
+87.000E-03,+14.730E-03
+87.100E-03,+34.830E-03
+87.200E-03,+34.830E-03
+87.300E-03,+49.906E-03
+87.400E-03,+54.931E-03
+87.500E-03,+64.981E-03
+87.600E-03,+75.031E-03
+87.700E-03,+90.107E-03
+87.800E-03,+85.082E-03
+87.900E-03,+54.931E-03
+88.000E-03,+95.132E-03
+88.100E-03,+75.031E-03
+88.200E-03,+64.981E-03
+88.300E-03,+70.006E-03
+88.400E-03,+34.830E-03
+88.500E-03,+24.780E-03
+88.600E-03,+44.881E-03
+88.700E-03,+19.755E-03
+88.800E-03,+34.830E-03
+88.900E-03,+19.755E-03
+89.000E-03,+44.881E-03
+89.100E-03,+24.780E-03
+89.200E-03,+14.730E-03
+89.300E-03,+14.730E-03
+89.400E-03,+14.730E-03
+89.500E-03,-5.371E-03
+89.600E-03,+34.830E-03
+89.700E-03,+14.730E-03
+89.800E-03,+24.780E-03
+89.900E-03,+29.805E-03
+90.000E-03,-5.371E-03
+90.100E-03,+29.805E-03
+90.200E-03,+34.830E-03
+90.300E-03,+24.780E-03
+90.400E-03,-5.371E-03
+90.500E-03,+19.755E-03
+90.600E-03,+24.780E-03
+90.700E-03,+14.730E-03
+90.800E-03,+54.931E-03
+90.900E-03,+4.680E-03
+91.000E-03,+44.881E-03
+91.100E-03,+39.856E-03
+91.200E-03,+75.031E-03
+91.300E-03,+70.006E-03
+91.400E-03,+64.981E-03
+91.500E-03,+70.006E-03
+91.600E-03,+95.132E-03
+91.700E-03,+70.006E-03
+91.800E-03,+54.931E-03
+91.900E-03,+59.956E-03
+92.000E-03,+54.931E-03
+92.100E-03,+49.906E-03
+92.200E-03,+34.830E-03
+92.300E-03,+14.730E-03
+92.400E-03,+54.931E-03
+92.500E-03,+4.680E-03
+92.600E-03,+14.730E-03
+92.700E-03,+4.680E-03
+92.800E-03,-25.471E-03
+92.900E-03,-345E-06
+93.000E-03,+4.680E-03
+93.100E-03,+19.755E-03
+93.200E-03,+14.730E-03
+93.300E-03,+29.805E-03
+93.400E-03,+4.680E-03
+93.500E-03,-345E-06
+93.600E-03,+34.830E-03
+93.700E-03,-345E-06
+93.800E-03,+4.680E-03
+93.900E-03,-10.396E-03
+94.000E-03,-5.371E-03
+94.100E-03,+9.705E-03
+94.200E-03,-5.371E-03
+94.300E-03,-5.371E-03
+94.400E-03,-5.371E-03
+94.500E-03,-345E-06
+94.600E-03,-5.371E-03
+94.700E-03,+19.755E-03
+94.800E-03,+14.730E-03
+94.900E-03,+19.755E-03
+95.000E-03,+24.780E-03
+95.100E-03,+19.755E-03
+95.200E-03,+34.830E-03
+95.300E-03,+29.805E-03
+95.400E-03,+14.730E-03
+95.500E-03,+9.705E-03
+95.600E-03,+34.830E-03
+95.700E-03,+64.981E-03
+95.800E-03,+64.981E-03
+95.900E-03,+59.956E-03
+96.000E-03,+95.132E-03
+96.100E-03,+34.830E-03
+96.200E-03,+85.082E-03
+96.300E-03,+64.981E-03
+96.400E-03,+75.031E-03
+96.500E-03,+75.031E-03
+96.600E-03,+64.981E-03
+96.700E-03,+39.856E-03
+96.800E-03,+34.830E-03
+96.900E-03,+34.830E-03
+97.000E-03,+44.881E-03
+97.100E-03,+14.730E-03
+97.200E-03,+34.830E-03
+97.300E-03,+9.705E-03
+97.400E-03,+24.780E-03
+97.500E-03,-5.371E-03
+97.600E-03,+34.830E-03
+97.700E-03,+19.755E-03
+97.800E-03,+24.780E-03
+97.900E-03,+19.755E-03
+98.000E-03,+14.730E-03
+98.100E-03,+14.730E-03
+98.200E-03,+4.680E-03
+98.300E-03,+54.931E-03
+98.400E-03,-5.371E-03
+98.500E-03,+29.805E-03
+98.600E-03,+24.780E-03
+98.700E-03,+29.805E-03
+98.800E-03,+34.830E-03
+98.900E-03,+29.805E-03
+99.000E-03,+24.780E-03
+99.100E-03,+29.805E-03
+99.200E-03,-5.371E-03
+99.300E-03,+19.755E-03
+99.400E-03,+54.931E-03
+99.500E-03,+100.157E-03
+99.600E-03,+34.830E-03
+99.700E-03,+54.931E-03
+99.800E-03,+44.881E-03
+99.900E-03,+70.006E-03
x-axis,FFT
Hertz,decibel
+15.0000E+00,
+15.5000E+00,
+16.0000E+00,
+16.5000E+00,
+17.0000E+00,-73.259083E+00
+17.5000E+00,-72.944459E+00
+18.0000E+00,-72.629835E+00
+18.5000E+00,-72.315211E+00
+19.0000E+00,-72.000587E+00
+19.5000E+00,-71.685963E+00
+20.0000E+00,-71.371339E+00
+20.5000E+00,-71.056715E+00
+21.0000E+00,-70.742091E+00
+21.5000E+00,-70.427467E+00
+22.0000E+00,-70.112843E+00
+22.5000E+00,-69.798219E+00
+23.0000E+00,-69.483595E+00
+23.5000E+00,-69.168971E+00
+24.0000E+00,-69.031911E+00
+24.5000E+00,-69.278695E+00
+25.0000E+00,-69.525479E+00
+25.5000E+00,-69.772263E+00
+26.0000E+00,-70.019047E+00
+26.5000E+00,-70.265831E+00
+27.0000E+00,-70.512615E+00
+27.5000E+00,-70.759399E+00
+28.0000E+00,-71.006183E+00
+28.5000E+00,-71.252967E+00
+29.0000E+00,-71.358261E+00
+29.5000E+00,-71.423541E+00
+30.0000E+00,-71.488821E+00
+30.5000E+00,-71.554101E+00
+31.0000E+00,-71.619381E+00
+31.5000E+00,-71.684661E+00
+32.0000E+00,-71.749941E+00
+32.5000E+00,-71.815221E+00
+33.0000E+00,-71.880501E+00
+33.5000E+00,-72.040694E+00
+34.0000E+00,-72.496886E+00
+34.5000E+00,-72.953078E+00
+35.0000E+00,-73.409270E+00
+35.5000E+00,-73.865462E+00
+36.0000E+00,-74.321654E+00
+36.5000E+00,-74.777846E+00
+37.0000E+00,-75.234038E+00
+37.5000E+00,-75.690230E+00
+38.0000E+00,-76.146422E+00
+38.5000E+00,-76.319740E+00
+39.0000E+00,-76.375292E+00
+39.5000E+00,-76.430844E+00
+40.0000E+00,-76.486396E+00
+40.5000E+00,-76.541948E+00
+41.0000E+00,-76.597500E+00
+41.5000E+00,-76.653052E+00
+42.0000E+00,-76.708604E+00
+42.5000E+00,-76.764156E+00
+43.0000E+00,-76.819058E+00
+43.5000E+00,-76.870770E+00
+44.0000E+00,-76.922482E+00
+44.5000E+00,-76.974194E+00
+45.0000E+00,-77.025906E+00
+45.5000E+00,-77.077618E+00
+46.0000E+00,-77.129330E+00
+46.5000E+00,-77.181042E+00
+47.0000E+00,-77.232754E+00
+47.5000E+00,-77.284466E+00
+48.0000E+00,-77.444676E+00
+48.5000E+00,-77.667908E+00
+49.0000E+00,-77.891140E+00
+49.5000E+00,-78.114372E+00
+50.0000E+00,-78.337604E+00
+50.5000E+00,-78.560836E+00
+51.0000E+00,-78.784068E+00
+51.5000E+00,-79.007300E+00
+52.0000E+00,-79.230532E+00
+52.5000E+00,-79.445473E+00
+53.0000E+00,-79.582177E+00
+53.5000E+00,-79.718881E+00
+54.0000E+00,-79.855585E+00
+54.5000E+00,-79.992289E+00
+55.0000E+00,-80.128993E+00
+55.5000E+00,-80.265697E+00
+56.0000E+00,-80.402401E+00
+56.5000E+00,-80.539105E+00
+57.0000E+00,-80.675809E+00
+57.5000E+00,-80.505939E+00
+58.0000E+00,-80.094291E+00
+58.5000E+00,-79.682643E+00
+59.0000E+00,-79.270995E+00
+59.5000E+00,-78.859347E+00
+60.0000E+00,-78.447699E+00
+60.5000E+00,-78.036051E+00
+61.0000E+00,-77.624403E+00
+61.5000E+00,-77.212755E+00
+62.0000E+00,-76.862412E+00
+62.5000E+00,-79.195084E+00
+63.0000E+00,-81.527756E+00
+63.5000E+00,-83.860428E+00
+64.0000E+00,-86.193100E+00
+64.5000E+00,-88.525772E+00
+65.0000E+00,-90.858444E+00
+65.5000E+00,-93.191116E+00
+66.0000E+00,-95.523788E+00
+66.5000E+00,-97.856460E+00
+67.0000E+00,-97.845220E+00
+67.5000E+00,-95.351012E+00
+68.0000E+00,-92.856804E+00
+68.5000E+00,-90.362596E+00
+69.0000E+00,-87.868388E+00
+69.5000E+00,-85.374180E+00
+70.0000E+00,-82.879972E+00
+70.5000E+00,-80.385764E+00
+71.0000E+00,-77.891556E+00
+71.5000E+00,-75.397348E+00
+72.0000E+00,-75.707250E+00
+72.5000E+00,-76.168306E+00
+73.0000E+00,-76.629362E+00
+73.5000E+00,-77.090418E+00
+74.0000E+00,-77.551474E+00
+74.5000E+00,-78.012530E+00
+75.0000E+00,-78.473586E+00
+75.5000E+00,-78.934642E+00
+76.0000E+00,-79.395698E+00
+76.5000E+00,-79.540781E+00
+77.0000E+00,-79.235117E+00
+77.5000E+00,-78.929453E+00
+78.0000E+00,-78.623789E+00
+78.5000E+00,-78.318125E+00
+79.0000E+00,-78.012461E+00
+79.5000E+00,-77.706797E+00
+80.0000E+00,-77.401133E+00
+80.5000E+00,-77.095469E+00
+81.0000E+00,-76.789805E+00
+81.5000E+00,-76.822747E+00
+82.0000E+00,-76.903899E+00
+82.5000E+00,-76.985051E+00
+83.0000E+00,-77.066203E+00
+83.5000E+00,-77.147355E+00
+84.0000E+00,-77.228507E+00
+84.5000E+00,-77.309659E+00
+85.0000E+00,-77.390811E+00
+85.5000E+00,-77.471963E+00
+86.0000E+00,-77.878106E+00
+86.5000E+00,-78.919002E+00
+87.0000E+00,-79.959898E+00
+87.5000E+00,-81.000794E+00
+88.0000E+00,-82.041690E+00
+88.5000E+00,-83.082586E+00
+89.0000E+00,-84.123482E+00
+89.5000E+00,-85.164378E+00
+90.0000E+00,-86.205274E+00
+90.5000E+00,-87.246170E+00
+91.0000E+00,-86.261967E+00
+91.5000E+00,-84.777423E+00
+92.0000E+00,-83.292879E+00
+92.5000E+00,-81.808335E+00
+93.0000E+00,-80.323791E+00
+93.5000E+00,-78.839247E+00
+94.0000E+00,-77.354703E+00
+94.5000E+00,-75.870159E+00
+95.0000E+00,-74.385615E+00
+95.5000E+00,-73.224020E+00
+96.0000E+00,-72.957524E+00
+96.5000E+00,-72.691028E+00
+97.0000E+00,-72.424532E+00
+97.5000E+00,-72.158036E+00
+98.0000E+00,-71.891540E+00
+98.5000E+00,-71.625044E+00
+99.0000E+00,-71.358548E+00
+99.5000E+00,-71.092052E+00
+100.0000E+00,-70.825556E+00
+100.5000E+00,-70.656210E+00
+101.0000E+00,-70.523090E+00
+101.5000E+00,-70.389970E+00
+102.0000E+00,-70.256850E+00
+102.5000E+00,-70.123730E+00
+103.0000E+00,-69.990610E+00
+103.5000E+00,-69.857490E+00
+104.0000E+00,-69.724370E+00
+104.5000E+00,-69.591250E+00
+105.0000E+00,-69.553115E+00
+105.5000E+00,-69.915611E+00
+106.0000E+00,-70.278107E+00
+106.5000E+00,-70.640603E+00
+107.0000E+00,-71.003099E+00
+107.5000E+00,-71.365595E+00
+108.0000E+00,-71.728091E+00
+108.5000E+00,-72.090587E+00
+109.0000E+00,-72.453083E+00
+109.5000E+00,-72.815579E+00
+110.0000E+00,-71.479885E+00
+110.5000E+00,-69.249357E+00
+111.0000E+00,-67.018829E+00
+111.5000E+00,-64.788301E+00
+112.0000E+00,-62.557773E+00
+112.5000E+00,-60.327245E+00
+113.0000E+00,-58.096717E+00
+113.5000E+00,-55.866189E+00
+114.0000E+00,-53.635661E+00
+114.5000E+00,-51.573565E+00
+115.0000E+00,-50.768445E+00
+115.5000E+00,-49.963325E+00
+116.0000E+00,-49.158205E+00
+116.5000E+00,-48.353085E+00
+117.0000E+00,-47.547965E+00
+117.5000E+00,-46.742845E+00
+118.0000E+00,-45.937725E+00
+118.5000E+00,-45.132605E+00
+119.0000E+00,-44.327485E+00
+119.5000E+00,-44.209874E+00
+120.0000E+00,-44.587218E+00
+120.5000E+00,-44.964562E+00
+121.0000E+00,-45.341906E+00
+121.5000E+00,-45.719250E+00
+122.0000E+00,-46.096594E+00
+122.5000E+00,-46.473938E+00
+123.0000E+00,-46.851282E+00
+123.5000E+00,-47.228626E+00
+124.0000E+00,-47.675213E+00
+124.5000E+00,-49.602381E+00
+125.0000E+00,-51.529549E+00
+125.5000E+00,-53.456717E+00
+126.0000E+00,-55.383885E+00
+126.5000E+00,-57.311053E+00
+127.0000E+00,-59.238221E+00
+127.5000E+00,-61.165389E+00
+128.0000E+00,-63.092557E+00
+128.5000E+00,-65.019725E+00
+129.0000E+00,-66.784094E+00
+129.5000E+00,-68.390750E+00
+130.0000E+00,-69.997406E+00
+130.5000E+00,-71.604062E+00
+131.0000E+00,-73.210718E+00
+131.5000E+00,-74.817374E+00
+132.0000E+00,-76.424030E+00
+132.5000E+00,-78.030686E+00
+133.0000E+00,-79.637342E+00
+133.5000E+00,-81.243998E+00
+134.0000E+00,-81.514046E+00
+134.5000E+00,-81.744446E+00
+135.0000E+00,-81.974846E+00
+135.5000E+00,-82.205246E+00
+136.0000E+00,-82.435646E+00
+136.5000E+00,-82.666046E+00
+137.0000E+00,-82.896446E+00
+137.5000E+00,-83.126846E+00
+138.0000E+00,-83.357246E+00
+138.5000E+00,-82.954032E+00
+139.0000E+00,-81.726000E+00
+139.5000E+00,-80.497968E+00
+140.0000E+00,-79.269936E+00
+140.5000E+00,-78.041904E+00
+141.0000E+00,-76.813872E+00
+141.5000E+00,-75.585840E+00
+142.0000E+00,-74.357808E+00
+142.5000E+00,-73.129776E+00
+143.0000E+00,-71.901744E+00
+143.5000E+00,-71.883445E+00
+144.0000E+00,-72.002997E+00
+144.5000E+00,-72.122549E+00
+145.0000E+00,-72.242101E+00
+145.5000E+00,-72.361653E+00
+146.0000E+00,-72.481205E+00
+146.5000E+00,-72.600757E+00
+147.0000E+00,-72.720309E+00
+147.5000E+00,-72.839861E+00
+148.0000E+00,-73.150879E+00
+148.5000E+00,-73.800863E+00
+149.0000E+00,-74.450847E+00
+149.5000E+00,-75.100831E+00
+150.0000E+00,-75.750815E+00
+150.5000E+00,-76.400799E+00
+151.0000E+00,-77.050783E+00
+151.5000E+00,-77.700767E+00
+152.0000E+00,-78.350751E+00
+152.5000E+00,-79.000735E+00
+153.0000E+00,-79.311009E+00
+153.5000E+00,-79.548833E+00
+154.0000E+00,-79.786657E+00
+154.5000E+00,-80.024481E+00
+155.0000E+00,-80.262305E+00
+155.5000E+00,-80.500129E+00
+156.0000E+00,-80.737953E+00
+156.5000E+00,-80.975777E+00
+157.0000E+00,-81.213601E+00
+157.5000E+00,-81.220046E+00
+158.0000E+00,-80.653006E+00
+158.5000E+00,-80.085966E+00
+159.0000E+00,-79.518926E+00
+159.5000E+00,-78.951886E+00
+160.0000E+00,-78.384846E+00
+160.5000E+00,-77.817806E+00
+161.0000E+00,-77.250766E+00
+161.5000E+00,-76.683726E+00
+162.0000E+00,-76.116686E+00
+162.5000E+00,-76.551136E+00
+163.0000E+00,-77.318112E+00
+163.5000E+00,-78.085088E+00
+164.0000E+00,-78.852064E+00
+164.5000E+00,-79.619040E+00
+165.0000E+00,-80.386016E+00
+165.5000E+00,-81.152992E+00
+166.0000E+00,-81.919968E+00
+166.5000E+00,-82.686944E+00
+167.0000E+00,-83.230138E+00
+167.5000E+00,-82.951354E+00
+168.0000E+00,-82.672570E+00
+168.5000E+00,-82.393786E+00
+169.0000E+00,-82.115002E+00
+169.5000E+00,-81.836218E+00
+170.0000E+00,-81.557434E+00
+170.5000E+00,-81.278650E+00
+171.0000E+00,-80.999866E+00
+171.5000E+00,-80.721082E+00
+172.0000E+00,-80.851637E+00
+172.5000E+00,-81.177269E+00
+173.0000E+00,-81.502901E+00
+173.5000E+00,-81.828533E+00
+174.0000E+00,-82.154165E+00
+174.5000E+00,-82.479797E+00
+175.0000E+00,-82.805429E+00
+175.5000E+00,-83.131061E+00
+176.0000E+00,-83.456693E+00
+176.5000E+00,-83.720602E+00
+177.0000E+00,-83.606938E+00
+177.5000E+00,-83.493274E+00
+178.0000E+00,-83.379610E+00
+178.5000E+00,-83.265946E+00
+179.0000E+00,-83.152282E+00
+179.5000E+00,-83.038618E+00
+180.0000E+00,-82.924954E+00
+180.5000E+00,-82.811290E+00
+181.0000E+00,-82.697626E+00
+181.5000E+00,-82.983197E+00
+182.0000E+00,-83.530781E+00
+182.5000E+00,-84.078365E+00
+183.0000E+00,-84.625949E+00
+183.5000E+00,-85.173533E+00
+184.0000E+00,-85.721117E+00
+184.5000E+00,-86.268701E+00
+185.0000E+00,-86.816285E+00
+185.5000E+00,-87.363869E+00
+186.0000E+00,-87.830047E+00
+186.5000E+00,-87.162911E+00
+187.0000E+00,-86.495775E+00
+187.5000E+00,-85.828639E+00
+188.0000E+00,-85.161503E+00
+188.5000E+00,-84.494367E+00
+189.0000E+00,-83.827231E+00
+189.5000E+00,-83.160095E+00
+190.0000E+00,-82.492959E+00
+190.5000E+00,-81.825823E+00
+191.0000E+00,-81.696257E+00
+191.5000E+00,-82.042881E+00
+192.0000E+00,-82.389505E+00
+192.5000E+00,-82.736129E+00
+193.0000E+00,-83.082753E+00
+193.5000E+00,-83.429377E+00
+194.0000E+00,-83.776001E+00
+194.5000E+00,-84.122625E+00
+195.0000E+00,-84.469249E+00
+195.5000E+00,-84.815873E+00
+196.0000E+00,-83.893067E+00
+196.5000E+00,-82.961995E+00
+197.0000E+00,-82.030923E+00
+197.5000E+00,-81.099851E+00
+198.0000E+00,-80.168779E+00
+198.5000E+00,-79.237707E+00
+199.0000E+00,-78.306635E+00
+199.5000E+00,-77.375563E+00
+200.0000E+00,-76.444491E+00
+200.5000E+00,-76.003504E+00
+201.0000E+00,-76.145328E+00
+201.5000E+00,-76.287152E+00
+202.0000E+00,-76.428976E+00
+202.5000E+00,-76.570800E+00
+203.0000E+00,-76.712624E+00
+203.5000E+00,-76.854448E+00
+204.0000E+00,-76.996272E+00
+204.5000E+00,-77.138096E+00
+205.0000E+00,-77.279920E+00
+205.5000E+00,-77.749604E+00
+206.0000E+00,-78.247780E+00
+206.5000E+00,-78.745956E+00
+207.0000E+00,-79.244132E+00
+207.5000E+00,-79.742308E+00
+208.0000E+00,-80.240484E+00
+208.5000E+00,-80.738660E+00
+209.0000E+00,-81.236836E+00
+209.5000E+00,-81.735012E+00
+210.0000E+00,-81.976591E+00
+210.5000E+00,-81.805327E+00
+211.0000E+00,-81.634063E+00
+211.5000E+00,-81.462799E+00
+212.0000E+00,-81.291535E+00
+212.5000E+00,-81.120271E+00
+213.0000E+00,-80.949007E+00
+213.5000E+00,-80.777743E+00
+214.0000E+00,-80.606479E+00
+214.5000E+00,-80.435215E+00
+215.0000E+00,-79.895312E+00
+215.5000E+00,-79.288592E+00
+216.0000E+00,-78.681872E+00
+216.5000E+00,-78.075152E+00
+217.0000E+00,-77.468432E+00
+217.5000E+00,-76.861712E+00
+218.0000E+00,-76.254992E+00
+218.5000E+00,-75.648272E+00
+219.0000E+00,-75.041552E+00
+219.5000E+00,-74.884851E+00
+220.0000E+00,-75.730675E+00
+220.5000E+00,-76.576499E+00
+221.0000E+00,-77.422323E+00
+221.5000E+00,-78.268147E+00
+222.0000E+00,-79.113971E+00
+222.5000E+00,-79.959795E+00
+223.0000E+00,-80.805619E+00
+223.5000E+00,-81.651443E+00
+224.0000E+00,-82.497267E+00
+224.5000E+00,-81.305053E+00
+225.0000E+00,-79.514589E+00
+225.5000E+00,-77.724125E+00
+226.0000E+00,-75.933661E+00
+226.5000E+00,-74.143197E+00
+227.0000E+00,-72.352733E+00
+227.5000E+00,-70.562269E+00
+228.0000E+00,-68.771805E+00
+228.5000E+00,-66.981341E+00
+229.0000E+00,-65.132676E+00
+229.5000E+00,-63.095940E+00
+230.0000E+00,-61.059204E+00
+230.5000E+00,-59.022468E+00
+231.0000E+00,-56.985732E+00
+231.5000E+00,-54.948996E+00
+232.0000E+00,-52.912260E+00
+232.5000E+00,-50.875524E+00
+233.0000E+00,-48.838788E+00
+233.5000E+00,-46.802052E+00
+234.0000E+00,-45.487959E+00
+234.5000E+00,-44.484183E+00
+235.0000E+00,-43.480407E+00
+235.5000E+00,-42.476631E+00
+236.0000E+00,-41.472855E+00
+236.5000E+00,-40.469079E+00
+237.0000E+00,-39.465303E+00
+237.5000E+00,-38.461527E+00
+238.0000E+00,-37.457751E+00
+238.5000E+00,-36.647572E+00
+239.0000E+00,-36.832660E+00
+239.5000E+00,-37.017748E+00
+240.0000E+00,-37.202836E+00
+240.5000E+00,-37.387924E+00
+241.0000E+00,-37.573012E+00
+241.5000E+00,-37.758100E+00
+242.0000E+00,-37.943188E+00
+242.5000E+00,-38.128276E+00
+243.0000E+00,-38.313364E+00
+243.5000E+00,-39.383845E+00
+244.0000E+00,-40.983077E+00
+244.5000E+00,-42.582309E+00
+245.0000E+00,-44.181541E+00
+245.5000E+00,-45.780773E+00
+246.0000E+00,-47.380005E+00
+246.5000E+00,-48.979237E+00
+247.0000E+00,-50.578469E+00
+247.5000E+00,-52.177701E+00
+248.0000E+00,-53.763254E+00
+248.5000E+00,-55.209398E+00
+249.0000E+00,-56.655542E+00
+249.5000E+00,-58.101686E+00
+250.0000E+00,-59.547830E+00
+250.5000E+00,-60.993974E+00
+251.0000E+00,-62.440118E+00
+251.5000E+00,-63.886262E+00
+252.0000E+00,-65.332406E+00
+252.5000E+00,-66.778550E+00
+253.0000E+00,-67.871164E+00
+253.5000E+00,-68.677564E+00
+254.0000E+00,-69.483964E+00
+254.5000E+00,-70.290364E+00
+255.0000E+00,-71.096764E+00
+255.5000E+00,-71.903164E+00
+256.0000E+00,-72.709564E+00
+256.5000E+00,-73.515964E+00
+257.0000E+00,-74.322364E+00
+257.5000E+00,-75.125201E+00
+258.0000E+00,-75.707089E+00
+258.5000E+00,-76.288977E+00
+259.0000E+00,-76.870865E+00
+259.5000E+00,-77.452753E+00
+260.0000E+00,-78.034641E+00
+260.5000E+00,-78.616529E+00
+261.0000E+00,-79.198417E+00
+261.5000E+00,-79.780305E+00
+262.0000E+00,-80.362193E+00
+262.5000E+00,-80.989709E+00
+263.0000E+00,-81.666829E+00
+263.5000E+00,-82.343949E+00
+264.0000E+00,-83.021069E+00
+264.5000E+00,-83.698189E+00
+265.0000E+00,-84.375309E+00
+265.5000E+00,-85.052429E+00
+266.0000E+00,-85.729549E+00
+266.5000E+00,-86.406669E+00
+267.0000E+00,-87.083789E+00
+267.5000E+00,-86.625345E+00
+268.0000E+00,-86.097473E+00
+268.5000E+00,-85.569601E+00
+269.0000E+00,-85.041729E+00
+269.5000E+00,-84.513857E+00
+270.0000E+00,-83.985985E+00
+270.5000E+00,-83.458113E+00
+271.0000E+00,-82.930241E+00
+271.5000E+00,-82.402369E+00
+272.0000E+00,-82.264742E+00
+272.5000E+00,-82.698918E+00
+273.0000E+00,-83.133094E+00
+273.5000E+00,-83.567270E+00
+274.0000E+00,-84.001446E+00
+274.5000E+00,-84.435622E+00
+275.0000E+00,-84.869798E+00
+275.5000E+00,-85.303974E+00
+276.0000E+00,-85.738150E+00
+276.5000E+00,-86.172326E+00
+277.0000E+00,-85.792158E+00
+277.5000E+00,-85.289118E+00
+278.0000E+00,-84.786078E+00
+278.5000E+00,-84.283038E+00
+279.0000E+00,-83.779998E+00
+279.5000E+00,-83.276958E+00
+280.0000E+00,-82.773918E+00
+280.5000E+00,-82.270878E+00
+281.0000E+00,-81.767838E+00
+281.5000E+00,-81.501865E+00
+282.0000E+00,-81.712553E+00
+282.5000E+00,-81.923241E+00
+283.0000E+00,-82.133929E+00
+283.5000E+00,-82.344617E+00
+284.0000E+00,-82.555305E+00
+284.5000E+00,-82.765993E+00
+285.0000E+00,-82.976681E+00
+285.5000E+00,-83.187369E+00
+286.0000E+00,-83.398057E+00
+286.5000E+00,-83.628497E+00
+287.0000E+00,-83.864017E+00
+287.5000E+00,-84.099537E+00
+288.0000E+00,-84.335057E+00
+288.5000E+00,-84.570577E+00
+289.0000E+00,-84.806097E+00
+289.5000E+00,-85.041617E+00
+290.0000E+00,-85.277137E+00
+290.5000E+00,-85.512657E+00
+291.0000E+00,-85.507075E+00
+291.5000E+00,-84.810499E+00
+292.0000E+00,-84.113923E+00
+292.5000E+00,-83.417347E+00
+293.0000E+00,-82.720771E+00
+293.5000E+00,-82.024195E+00
+294.0000E+00,-81.327619E+00
+294.5000E+00,-80.631043E+00
+295.0000E+00,-79.934467E+00
+295.5000E+00,-79.237891E+00
+296.0000E+00,-79.182984E+00
+296.5000E+00,-79.375240E+00
+297.0000E+00,-79.567496E+00
+297.5000E+00,-79.759752E+00
+298.0000E+00,-79.952008E+00
+298.5000E+00,-80.144264E+00
+299.0000E+00,-80.336520E+00
+299.5000E+00,-80.528776E+00
+300.0000E+00,-80.721032E+00
+300.5000E+00,-80.962163E+00
+301.0000E+00,-81.418355E+00
+301.5000E+00,-81.874547E+00
+302.0000E+00,-82.330739E+00
+302.5000E+00,-82.786931E+00
+303.0000E+00,-83.243123E+00
+303.5000E+00,-83.699315E+00
+304.0000E+00,-84.155507E+00
+304.5000E+00,-84.611699E+00
+305.0000E+00,-85.067891E+00
+305.5000E+00,-84.871703E+00
+306.0000E+00,-84.321815E+00
+306.5000E+00,-83.771927E+00
+307.0000E+00,-83.222039E+00
+307.5000E+00,-82.672151E+00
+308.0000E+00,-82.122263E+00
+308.5000E+00,-81.572375E+00
+309.0000E+00,-81.022487E+00
+309.5000E+00,-80.472599E+00
+310.0000E+00,-79.935664E+00
+310.5000E+00,-79.501744E+00
+311.0000E+00,-79.067824E+00
+311.5000E+00,-78.633904E+00
+312.0000E+00,-78.199984E+00
+312.5000E+00,-77.766064E+00
+313.0000E+00,-77.332144E+00
+313.5000E+00,-76.898224E+00
+314.0000E+00,-76.464304E+00
+314.5000E+00,-76.030384E+00
+315.0000E+00,-76.620742E+00
+315.5000E+00,-77.968326E+00
+316.0000E+00,-79.315910E+00
+316.5000E+00,-80.663494E+00
+317.0000E+00,-82.011078E+00
+317.5000E+00,-83.358662E+00
+318.0000E+00,-84.706246E+00
+318.5000E+00,-86.053830E+00
+319.0000E+00,-87.401414E+00
+319.5000E+00,-88.688560E+00
+320.0000E+00,-88.454320E+00
+320.5000E+00,-88.220080E+00
+321.0000E+00,-87.985840E+00
+321.5000E+00,-87.751600E+00
+322.0000E+00,-87.517360E+00
+322.5000E+00,-87.283120E+00
+323.0000E+00,-87.048880E+00
+323.5000E+00,-86.814640E+00
+324.0000E+00,-86.580400E+00
+324.5000E+00,-86.058600E+00
+325.0000E+00,-85.250920E+00
+325.5000E+00,-84.443240E+00
+326.0000E+00,-83.635560E+00
+326.5000E+00,-82.827880E+00
+327.0000E+00,-82.020200E+00
+327.5000E+00,-81.212520E+00
+328.0000E+00,-80.404840E+00
+328.5000E+00,-79.597160E+00
+329.0000E+00,-78.789480E+00
+329.5000E+00,-78.487345E+00
+330.0000E+00,-78.203697E+00
+330.5000E+00,-77.920049E+00
+331.0000E+00,-77.636401E+00
+331.5000E+00,-77.352753E+00
+332.0000E+00,-77.069105E+00
+332.5000E+00,-76.785457E+00
+333.0000E+00,-76.501809E+00
+333.5000E+00,-76.218161E+00
+334.0000E+00,-76.032791E+00
+334.5000E+00,-75.978775E+00
+335.0000E+00,-75.924759E+00
+335.5000E+00,-75.870743E+00
+336.0000E+00,-75.816727E+00
+336.5000E+00,-75.762711E+00
+337.0000E+00,-75.708695E+00
+337.5000E+00,-75.654679E+00
+338.0000E+00,-75.600663E+00
+338.5000E+00,-75.546647E+00
+339.0000E+00,-75.937307E+00
+339.5000E+00,-76.382235E+00
+340.0000E+00,-76.827163E+00
+340.5000E+00,-77.272091E+00
+341.0000E+00,-77.717019E+00
+341.5000E+00,-78.161947E+00
+342.0000E+00,-78.606875E+00
+342.5000E+00,-79.051803E+00
+343.0000E+00,-79.496731E+00
+343.5000E+00,-79.873960E+00
+344.0000E+00,-80.127912E+00
+344.5000E+00,-80.381864E+00
+345.0000E+00,-80.635816E+00
+345.5000E+00,-80.889768E+00
+346.0000E+00,-81.143720E+00
+346.5000E+00,-81.397672E+00
+347.0000E+00,-81.651624E+00
+347.5000E+00,-81.905576E+00
+348.0000E+00,-82.159528E+00
+348.5000E+00,-80.126818E+00
+349.0000E+00,-77.584482E+00
+349.5000E+00,-75.042146E+00
+350.0000E+00,-72.499810E+00
+350.5000E+00,-69.957474E+00
+351.0000E+00,-67.415138E+00
+351.5000E+00,-64.872802E+00
+352.0000E+00,-62.330466E+00
+352.5000E+00,-59.788130E+00
+353.0000E+00,-57.616847E+00
+353.5000E+00,-56.394959E+00
+354.0000E+00,-55.173071E+00
+354.5000E+00,-53.951183E+00
+355.0000E+00,-52.729295E+00
+355.5000E+00,-51.507407E+00
+356.0000E+00,-50.285519E+00
+356.5000E+00,-49.063631E+00
+357.0000E+00,-47.841743E+00
+357.5000E+00,-46.619855E+00
+358.0000E+00,-46.308326E+00
+358.5000E+00,-46.309606E+00
+359.0000E+00,-46.310886E+00
+359.5000E+00,-46.312166E+00
+360.0000E+00,-46.313446E+00
+360.5000E+00,-46.314726E+00
+361.0000E+00,-46.316006E+00
+361.5000E+00,-46.317286E+00
+362.0000E+00,-46.318566E+00
+362.5000E+00,-46.573889E+00
+363.0000E+00,-47.799361E+00
+363.5000E+00,-49.024833E+00
+364.0000E+00,-50.250305E+00
+364.5000E+00,-51.475777E+00
+365.0000E+00,-52.701249E+00
+365.5000E+00,-53.926721E+00
+366.0000E+00,-55.152193E+00
+366.5000E+00,-56.377665E+00
+367.0000E+00,-57.603137E+00
+367.5000E+00,-59.301866E+00
+368.0000E+00,-61.232874E+00
+368.5000E+00,-63.163882E+00
+369.0000E+00,-65.094890E+00
+369.5000E+00,-67.025898E+00
+370.0000E+00,-68.956906E+00
+370.5000E+00,-70.887914E+00
+371.0000E+00,-72.818922E+00
+371.5000E+00,-74.749930E+00
+372.0000E+00,-76.546056E+00
+372.5000E+00,-77.470728E+00
+373.0000E+00,-78.395400E+00
+373.5000E+00,-79.320072E+00
+374.0000E+00,-80.244744E+00
+374.5000E+00,-81.169416E+00
+375.0000E+00,-82.094088E+00
+375.5000E+00,-83.018760E+00
+376.0000E+00,-83.943432E+00
+376.5000E+00,-84.868104E+00
+377.0000E+00,-85.239714E+00
+377.5000E+00,-85.238434E+00
+378.0000E+00,-85.237154E+00
+378.5000E+00,-85.235874E+00
+379.0000E+00,-85.234594E+00
+379.5000E+00,-85.233314E+00
+380.0000E+00,-85.232034E+00
+380.5000E+00,-85.230754E+00
+381.0000E+00,-85.229474E+00
+381.5000E+00,-85.194900E+00
+382.0000E+00,-84.643732E+00
+382.5000E+00,-84.092564E+00
+383.0000E+00,-83.541396E+00
+383.5000E+00,-82.990228E+00
+384.0000E+00,-82.439060E+00
+384.5000E+00,-81.887892E+00
+385.0000E+00,-81.336724E+00
+385.5000E+00,-80.785556E+00
+386.0000E+00,-80.234388E+00
+386.5000E+00,-80.266528E+00
+387.0000E+00,-80.828960E+00
+387.5000E+00,-81.391392E+00
+388.0000E+00,-81.953824E+00
+388.5000E+00,-82.516256E+00
+389.0000E+00,-83.078688E+00
+389.5000E+00,-83.641120E+00
+390.0000E+00,-84.203552E+00
+390.5000E+00,-84.765984E+00
+391.0000E+00,-85.328416E+00
+391.5000E+00,-84.874286E+00
+392.0000E+00,-84.406830E+00
+392.5000E+00,-83.939374E+00
+393.0000E+00,-83.471918E+00
+393.5000E+00,-83.004462E+00
+394.0000E+00,-82.537006E+00
+394.5000E+00,-82.069550E+00
+395.0000E+00,-81.602094E+00
+395.5000E+00,-81.134638E+00
+396.0000E+00,-80.691160E+00
+396.5000E+00,-80.276952E+00
+397.0000E+00,-79.862744E+00
+397.5000E+00,-79.448536E+00
+398.0000E+00,-79.034328E+00
+398.5000E+00,-78.620120E+00
+399.0000E+00,-78.205912E+00
+399.5000E+00,-77.791704E+00
+400.0000E+00,-77.377496E+00
+400.5000E+00,-76.963288E+00
+401.0000E+00,-76.523120E+00
+401.5000E+00,-76.080496E+00
+402.0000E+00,-75.637872E+00
+402.5000E+00,-75.195248E+00
+403.0000E+00,-74.752624E+00
+403.5000E+00,-74.310000E+00
+404.0000E+00,-73.867376E+00
+404.5000E+00,-73.424752E+00
+405.0000E+00,-72.982128E+00
+405.5000E+00,-72.716525E+00
+406.0000E+00,-72.743661E+00
+406.5000E+00,-72.770797E+00
+407.0000E+00,-72.797933E+00
+407.5000E+00,-72.825069E+00
+408.0000E+00,-72.852205E+00
+408.5000E+00,-72.879341E+00
+409.0000E+00,-72.906477E+00
+409.5000E+00,-72.933613E+00
+410.0000E+00,-72.960749E+00
+410.5000E+00,-73.189828E+00
+411.0000E+00,-73.457348E+00
+411.5000E+00,-73.724868E+00
+412.0000E+00,-73.992388E+00
+412.5000E+00,-74.259908E+00
+413.0000E+00,-74.527428E+00
+413.5000E+00,-74.794948E+00
+414.0000E+00,-75.062468E+00
+414.5000E+00,-75.329988E+00
+415.0000E+00,-75.743735E+00
+415.5000E+00,-76.493303E+00
+416.0000E+00,-77.242871E+00
+416.5000E+00,-77.992439E+00
+417.0000E+00,-78.742007E+00
+417.5000E+00,-79.491575E+00
+418.0000E+00,-80.241143E+00
+418.5000E+00,-80.990711E+00
+419.0000E+00,-81.740279E+00
+419.5000E+00,-82.489847E+00
+420.0000E+00,-83.352062E+00
+420.5000E+00,-84.248574E+00
+421.0000E+00,-85.145086E+00
+421.5000E+00,-86.041598E+00
+422.0000E+00,-86.938110E+00
+422.5000E+00,-87.834622E+00
+423.0000E+00,-88.731134E+00
+423.5000E+00,-89.627646E+00
+424.0000E+00,-90.524158E+00
+424.5000E+00,-91.219425E+00
+425.0000E+00,-91.240417E+00
+425.5000E+00,-91.261409E+00
+426.0000E+00,-91.282401E+00
+426.5000E+00,-91.303393E+00
+427.0000E+00,-91.324385E+00
+427.5000E+00,-91.345377E+00
+428.0000E+00,-91.366369E+00
+428.5000E+00,-91.387361E+00
+429.0000E+00,-91.408353E+00
+429.5000E+00,-90.861012E+00
+430.0000E+00,-90.062036E+00
+430.5000E+00,-89.263060E+00
+431.0000E+00,-88.464084E+00
+431.5000E+00,-87.665108E+00
+432.0000E+00,-86.866132E+00
+432.5000E+00,-86.067156E+00
+433.0000E+00,-85.268180E+00
+433.5000E+00,-84.469204E+00
+434.0000E+00,-83.827751E+00
+434.5000E+00,-84.036135E+00
+435.0000E+00,-84.244519E+00
+435.5000E+00,-84.452903E+00
+436.0000E+00,-84.661287E+00
+436.5000E+00,-84.869671E+00
+437.0000E+00,-85.078055E+00
+437.5000E+00,-85.286439E+00
+438.0000E+00,-85.494823E+00
+438.5000E+00,-85.703207E+00
+439.0000E+00,-85.367508E+00
+439.5000E+00,-84.697812E+00
+440.0000E+00,-84.028116E+00
+440.5000E+00,-83.358420E+00
+441.0000E+00,-82.688724E+00
+441.5000E+00,-82.019028E+00
+442.0000E+00,-81.349332E+00
+442.5000E+00,-80.679636E+00
+443.0000E+00,-80.009940E+00
+443.5000E+00,-79.379923E+00
+444.0000E+00,-79.188947E+00
+444.5000E+00,-78.997971E+00
+445.0000E+00,-78.806995E+00
+445.5000E+00,-78.616019E+00
+446.0000E+00,-78.425043E+00
+446.5000E+00,-78.234067E+00
+447.0000E+00,-78.043091E+00
+447.5000E+00,-77.852115E+00
+448.0000E+00,-77.661139E+00
+448.5000E+00,-77.367680E+00
+449.0000E+00,-76.989056E+00
+449.5000E+00,-76.610432E+00
+450.0000E+00,-76.231808E+00
+450.5000E+00,-75.853184E+00
+451.0000E+00,-75.474560E+00
+451.5000E+00,-75.095936E+00
+452.0000E+00,-74.717312E+00
+452.5000E+00,-74.338688E+00
+453.0000E+00,-73.966313E+00
+453.5000E+00,-74.252521E+00
+454.0000E+00,-74.538729E+00
+454.5000E+00,-74.824937E+00
+455.0000E+00,-75.111145E+00
+455.5000E+00,-75.397353E+00
+456.0000E+00,-75.683561E+00
+456.5000E+00,-75.969769E+00
+457.0000E+00,-76.255977E+00
+457.5000E+00,-76.542185E+00
+458.0000E+00,-77.027559E+00
+458.5000E+00,-77.735143E+00
+459.0000E+00,-78.442727E+00
+459.5000E+00,-79.150311E+00
+460.0000E+00,-79.857895E+00
+460.5000E+00,-80.565479E+00
+461.0000E+00,-81.273063E+00
+461.5000E+00,-81.980647E+00
+462.0000E+00,-82.688231E+00
+462.5000E+00,-83.395815E+00
+463.0000E+00,-82.345021E+00
+463.5000E+00,-81.173821E+00
+464.0000E+00,-80.002621E+00
+464.5000E+00,-78.831421E+00
+465.0000E+00,-77.660221E+00
+465.5000E+00,-76.489021E+00
+466.0000E+00,-75.317821E+00
+466.5000E+00,-74.146621E+00
+467.0000E+00,-72.975421E+00
+467.5000E+00,-71.813418E+00
+468.0000E+00,-70.665258E+00
+468.5000E+00,-69.517098E+00
+469.0000E+00,-68.368938E+00
+469.5000E+00,-67.220778E+00
+470.0000E+00,-66.072618E+00
+470.5000E+00,-64.924458E+00
+471.0000E+00,-63.776298E+00
+471.5000E+00,-62.628138E+00
+472.0000E+00,-61.479978E+00
+472.5000E+00,-59.979009E+00
+473.0000E+00,-58.421761E+00
+473.5000E+00,-56.864513E+00
+474.0000E+00,-55.307265E+00
+474.5000E+00,-53.750017E+00
+475.0000E+00,-52.192769E+00
+475.5000E+00,-50.635521E+00
+476.0000E+00,-49.078273E+00
+476.5000E+00,-47.521025E+00
+477.0000E+00,-46.416337E+00
+477.5000E+00,-46.248657E+00
+478.0000E+00,-46.080977E+00
+478.5000E+00,-45.913297E+00
+479.0000E+00,-45.745617E+00
+479.5000E+00,-45.577937E+00
+480.0000E+00,-45.410257E+00
+480.5000E+00,-45.242577E+00
+481.0000E+00,-45.074897E+00
+481.5000E+00,-44.907217E+00
+482.0000E+00,-45.647184E+00
+482.5000E+00,-46.629968E+00
+483.0000E+00,-47.612752E+00
+483.5000E+00,-48.595536E+00
+484.0000E+00,-49.578320E+00
+484.5000E+00,-50.561104E+00
+485.0000E+00,-51.543888E+00
+485.5000E+00,-52.526672E+00
+486.0000E+00,-53.509456E+00
+486.5000E+00,-55.198425E+00
+487.0000E+00,-58.981337E+00
+487.5000E+00,-62.764249E+00
+488.0000E+00,-66.547161E+00
+488.5000E+00,-70.330073E+00
+489.0000E+00,-74.112985E+00
+489.5000E+00,-77.895897E+00
+490.0000E+00,-81.678809E+00
+490.5000E+00,-85.461721E+00
+491.0000E+00,-89.244633E+00
+491.5000E+00,-89.110748E+00
+492.0000E+00,-87.419100E+00
+492.5000E+00,-85.727452E+00
+493.0000E+00,-84.035804E+00
+493.5000E+00,-82.344156E+00
+494.0000E+00,-80.652508E+00
+494.5000E+00,-78.960860E+00
+495.0000E+00,-77.269212E+00
+495.5000E+00,-75.577564E+00
+496.0000E+00,-74.447589E+00
+496.5000E+00,-75.898853E+00
+497.0000E+00,-77.350117E+00
+497.5000E+00,-78.801381E+00
+498.0000E+00,-80.252645E+00
+498.5000E+00,-81.703909E+00
+499.0000E+00,-83.155173E+00
+499.5000E+00,-84.606437E+00
+500.0000E+00,-86.057701E+00
+500.5000E+00,-87.508965E+00
+501.0000E+00,-87.485408E+00
+501.5000E+00,-86.639328E+00
+502.0000E+00,-85.793248E+00
+502.5000E+00,-84.947168E+00
+503.0000E+00,-84.101088E+00
+503.5000E+00,-83.255008E+00
+504.0000E+00,-82.408928E+00
+504.5000E+00,-81.562848E+00
+505.0000E+00,-80.716768E+00
+505.5000E+00,-79.891753E+00
+506.0000E+00,-79.245865E+00
+506.5000E+00,-78.599977E+00
+507.0000E+00,-77.954089E+00
+507.5000E+00,-77.308201E+00
+508.0000E+00,-76.662313E+00
+508.5000E+00,-76.016425E+00
+509.0000E+00,-75.370537E+00
+509.5000E+00,-74.724649E+00
+510.0000E+00,-74.078761E+00
+510.5000E+00,-73.947909E+00
+511.0000E+00,-74.208005E+00
+511.5000E+00,-74.468101E+00
+512.0000E+00,-74.728197E+00
+512.5000E+00,-74.988293E+00
+513.0000E+00,-75.248389E+00
+513.5000E+00,-75.508485E+00
+514.0000E+00,-75.768581E+00
+514.5000E+00,-76.028677E+00
+515.0000E+00,-76.322036E+00
+515.5000E+00,-77.630196E+00
+516.0000E+00,-78.938356E+00
+516.5000E+00,-80.246516E+00
+517.0000E+00,-81.554676E+00
+517.5000E+00,-82.862836E+00
+518.0000E+00,-84.170996E+00
+518.5000E+00,-85.479156E+00
+519.0000E+00,-86.787316E+00
+519.5000E+00,-88.095476E+00
+520.0000E+00,-88.152542E+00
+520.5000E+00,-86.933214E+00
+521.0000E+00,-85.713886E+00
+521.5000E+00,-84.494558E+00
+522.0000E+00,-83.275230E+00
+522.5000E+00,-82.055902E+00
+523.0000E+00,-80.836574E+00
+523.5000E+00,-79.617246E+00
+524.0000E+00,-78.397918E+00
+524.5000E+00,-77.178590E+00
+525.0000E+00,-76.919661E+00
+525.5000E+00,-76.702573E+00
+526.0000E+00,-76.485485E+00
+526.5000E+00,-76.268397E+00
+527.0000E+00,-76.051309E+00
+527.5000E+00,-75.834221E+00
+528.0000E+00,-75.617133E+00
+528.5000E+00,-75.400045E+00
+529.0000E+00,-75.182957E+00
+529.5000E+00,-75.027807E+00
+530.0000E+00,-74.957663E+00
+530.5000E+00,-74.887519E+00
+531.0000E+00,-74.817375E+00
+531.5000E+00,-74.747231E+00
+532.0000E+00,-74.677087E+00
+532.5000E+00,-74.606943E+00
+533.0000E+00,-74.536799E+00
+533.5000E+00,-74.466655E+00
+534.0000E+00,-74.396511E+00
+534.5000E+00,-74.485370E+00
+535.0000E+00,-74.594938E+00
+535.5000E+00,-74.704506E+00
+536.0000E+00,-74.814074E+00
+536.5000E+00,-74.923642E+00
+537.0000E+00,-75.033210E+00
+537.5000E+00,-75.142778E+00
+538.0000E+00,-75.252346E+00
+538.5000E+00,-75.361914E+00
+539.0000E+00,-75.759522E+00
+539.5000E+00,-76.696738E+00
+540.0000E+00,-77.633954E+00
+540.5000E+00,-78.571170E+00
+541.0000E+00,-79.508386E+00
+541.5000E+00,-80.445602E+00
+542.0000E+00,-81.382818E+00
+542.5000E+00,-82.320034E+00
+543.0000E+00,-83.257250E+00
+543.5000E+00,-84.194466E+00
+544.0000E+00,-84.511319E+00
+544.5000E+00,-84.683863E+00
+545.0000E+00,-84.856407E+00
+545.5000E+00,-85.028951E+00
+546.0000E+00,-85.201495E+00
+546.5000E+00,-85.374039E+00
+547.0000E+00,-85.546583E+00
+547.5000E+00,-85.719127E+00
+548.0000E+00,-85.891671E+00
+548.5000E+00,-85.968773E+00
+549.0000E+00,-85.793669E+00
+549.5000E+00,-85.618565E+00
+550.0000E+00,-85.443461E+00
+550.5000E+00,-85.268357E+00
+551.0000E+00,-85.093253E+00
+551.5000E+00,-84.918149E+00
+552.0000E+00,-84.743045E+00
+552.5000E+00,-84.567941E+00
+553.0000E+00,-84.392837E+00
+553.5000E+00,-84.076833E+00
+554.0000E+00,-83.710753E+00
+554.5000E+00,-83.344673E+00
+555.0000E+00,-82.978593E+00
+555.5000E+00,-82.612513E+00
+556.0000E+00,-82.246433E+00
+556.5000E+00,-81.880353E+00
+557.0000E+00,-81.514273E+00
+557.5000E+00,-81.148193E+00
+558.0000E+00,-80.823442E+00
+558.5000E+00,-80.662930E+00
+559.0000E+00,-80.502418E+00
+559.5000E+00,-80.341906E+00
+560.0000E+00,-80.181394E+00
+560.5000E+00,-80.020882E+00
+561.0000E+00,-79.860370E+00
+561.5000E+00,-79.699858E+00
+562.0000E+00,-79.539346E+00
+562.5000E+00,-79.378834E+00
+563.0000E+00,-79.267640E+00
+563.5000E+00,-79.181368E+00
+564.0000E+00,-79.095096E+00
+564.5000E+00,-79.008824E+00
+565.0000E+00,-78.922552E+00
+565.5000E+00,-78.836280E+00
+566.0000E+00,-78.750008E+00
+566.5000E+00,-78.663736E+00
+567.0000E+00,-78.577464E+00
+567.5000E+00,-78.492760E+00
+568.0000E+00,-78.418776E+00
+568.5000E+00,-78.344792E+00
+569.0000E+00,-78.270808E+00
+569.5000E+00,-78.196824E+00
+570.0000E+00,-78.122840E+00
+570.5000E+00,-78.048856E+00
+571.0000E+00,-77.974872E+00
+571.5000E+00,-77.900888E+00
+572.0000E+00,-77.826904E+00
+572.5000E+00,-78.423108E+00
+573.0000E+00,-79.483460E+00
+573.5000E+00,-80.543812E+00
+574.0000E+00,-81.604164E+00
+574.5000E+00,-82.664516E+00
+575.0000E+00,-83.724868E+00
+575.5000E+00,-84.785220E+00
+576.0000E+00,-85.845572E+00
+576.5000E+00,-86.905924E+00
+577.0000E+00,-87.918211E+00
+577.5000E+00,-88.089731E+00
+578.0000E+00,-88.261251E+00
+578.5000E+00,-88.432771E+00
+579.0000E+00,-88.604291E+00
+579.5000E+00,-88.775811E+00
+580.0000E+00,-88.947331E+00
+580.5000E+00,-89.118851E+00
+581.0000E+00,-89.290371E+00
+581.5000E+00,-89.461891E+00
+582.0000E+00,-88.776673E+00
+582.5000E+00,-87.292129E+00
+583.0000E+00,-85.807585E+00
+583.5000E+00,-84.323041E+00
+584.0000E+00,-82.838497E+00
+584.5000E+00,-81.353953E+00
+585.0000E+00,-79.869409E+00
+585.5000E+00,-78.384865E+00
+586.0000E+00,-76.900321E+00
+586.5000E+00,-75.415777E+00
+587.0000E+00,-74.989078E+00
+587.5000E+00,-74.583318E+00
+588.0000E+00,-74.177558E+00
+588.5000E+00,-73.771798E+00
+589.0000E+00,-73.366038E+00
+589.5000E+00,-72.960278E+00
+590.0000E+00,-72.554518E+00
+590.5000E+00,-72.148758E+00
+591.0000E+00,-71.742998E+00
+591.5000E+00,-70.489028E+00
+592.0000E+00,-68.172228E+00
+592.5000E+00,-65.855428E+00
+593.0000E+00,-63.538628E+00
+593.5000E+00,-61.221828E+00
+594.0000E+00,-58.905028E+00
+594.5000E+00,-56.588228E+00
+595.0000E+00,-54.271428E+00
+595.5000E+00,-51.954628E+00
+596.0000E+00,-49.637828E+00
+596.5000E+00,-49.091696E+00
+597.0000E+00,-48.726896E+00
+597.5000E+00,-48.362096E+00
+598.0000E+00,-47.997296E+00
+598.5000E+00,-47.632496E+00
+599.0000E+00,-47.267696E+00
+599.5000E+00,-46.902896E+00
+600.0000E+00,-46.538096E+00
+600.5000E+00,-46.173296E+00
+601.0000E+00,-46.230317E+00
+601.5000E+00,-47.004461E+00
+602.0000E+00,-47.778605E+00
+602.5000E+00,-48.552749E+00
+603.0000E+00,-49.326893E+00
+603.5000E+00,-50.101037E+00
+604.0000E+00,-50.875181E+00
+604.5000E+00,-51.649325E+00
+605.0000E+00,-52.423469E+00
+605.5000E+00,-53.197613E+00
+606.0000E+00,-55.931039E+00
+606.5000E+00,-59.055519E+00
+607.0000E+00,-62.179999E+00
+607.5000E+00,-65.304479E+00
+608.0000E+00,-68.428959E+00
+608.5000E+00,-71.553439E+00
+609.0000E+00,-74.677919E+00
+609.5000E+00,-77.802399E+00
+610.0000E+00,-80.926879E+00
+610.5000E+00,-82.879971E+00
+611.0000E+00,-82.058723E+00
+611.5000E+00,-81.237475E+00
+612.0000E+00,-80.416227E+00
+612.5000E+00,-79.594979E+00
+613.0000E+00,-78.773731E+00
+613.5000E+00,-77.952483E+00
+614.0000E+00,-77.131235E+00
+614.5000E+00,-76.309987E+00
+615.0000E+00,-75.488739E+00
+615.5000E+00,-75.555228E+00
+616.0000E+00,-75.901852E+00
+616.5000E+00,-76.248476E+00
+617.0000E+00,-76.595100E+00
+617.5000E+00,-76.941724E+00
+618.0000E+00,-77.288348E+00
+618.5000E+00,-77.634972E+00
+619.0000E+00,-77.981596E+00
+619.5000E+00,-78.328220E+00
+620.0000E+00,-78.788304E+00
+620.5000E+00,-79.642832E+00
+621.0000E+00,-80.497360E+00
+621.5000E+00,-81.351888E+00
+622.0000E+00,-82.206416E+00
+622.5000E+00,-83.060944E+00
+623.0000E+00,-83.915472E+00
+623.5000E+00,-84.770000E+00
+624.0000E+00,-85.624528E+00
+624.5000E+00,-86.479056E+00
+625.0000E+00,-86.203135E+00
+625.5000E+00,-85.411327E+00
+626.0000E+00,-84.619519E+00
+626.5000E+00,-83.827711E+00
+627.0000E+00,-83.035903E+00
+627.5000E+00,-82.244095E+00
+628.0000E+00,-81.452287E+00
+628.5000E+00,-80.660479E+00
+629.0000E+00,-79.868671E+00
+629.5000E+00,-79.264517E+00
+630.0000E+00,-79.724549E+00
+630.5000E+00,-80.184581E+00
+631.0000E+00,-80.644613E+00
+631.5000E+00,-81.104645E+00
+632.0000E+00,-81.564677E+00
+632.5000E+00,-82.024709E+00
+633.0000E+00,-82.484741E+00
+633.5000E+00,-82.944773E+00
+634.0000E+00,-83.404805E+00
+634.5000E+00,-83.571462E+00
+635.0000E+00,-83.553030E+00
+635.5000E+00,-83.534598E+00
+636.0000E+00,-83.516166E+00
+636.5000E+00,-83.497734E+00
+637.0000E+00,-83.479302E+00
+637.5000E+00,-83.460870E+00
+638.0000E+00,-83.442438E+00
+638.5000E+00,-83.424006E+00
+639.0000E+00,-83.347043E+00
+639.5000E+00,-82.562659E+00
+640.0000E+00,-81.778275E+00
+640.5000E+00,-80.993891E+00
+641.0000E+00,-80.209507E+00
+641.5000E+00,-79.425123E+00
+642.0000E+00,-78.640739E+00
+642.5000E+00,-77.856355E+00
+643.0000E+00,-77.071971E+00
+643.5000E+00,-76.287587E+00
+644.0000E+00,-75.949171E+00
+644.5000E+00,-75.991155E+00
+645.0000E+00,-76.033139E+00
+645.5000E+00,-76.075123E+00
+646.0000E+00,-76.117107E+00
+646.5000E+00,-76.159091E+00
+647.0000E+00,-76.201075E+00
+647.5000E+00,-76.243059E+00
+648.0000E+00,-76.285043E+00
+648.5000E+00,-76.328964E+00
+649.0000E+00,-77.031940E+00
+649.5000E+00,-77.734916E+00
+650.0000E+00,-78.437892E+00
+650.5000E+00,-79.140868E+00
+651.0000E+00,-79.843844E+00
+651.5000E+00,-80.546820E+00
+652.0000E+00,-81.249796E+00
+652.5000E+00,-81.952772E+00
+653.0000E+00,-82.655748E+00
+653.5000E+00,-83.009643E+00
+654.0000E+00,-82.963819E+00
+654.5000E+00,-82.917995E+00
+655.0000E+00,-82.872171E+00
+655.5000E+00,-82.826347E+00
+656.0000E+00,-82.780523E+00
+656.5000E+00,-82.734699E+00
+657.0000E+00,-82.688875E+00
+657.5000E+00,-82.643051E+00
+658.0000E+00,-82.597227E+00
+658.5000E+00,-82.032462E+00
+659.0000E+00,-81.428302E+00
+659.5000E+00,-80.824142E+00
+660.0000E+00,-80.219982E+00
+660.5000E+00,-79.615822E+00
+661.0000E+00,-79.011662E+00
+661.5000E+00,-78.407502E+00
+662.0000E+00,-77.803342E+00
+662.5000E+00,-77.199182E+00
+663.0000E+00,-76.981966E+00
+663.5000E+00,-77.363150E+00
+664.0000E+00,-77.744334E+00
+664.5000E+00,-78.125518E+00
+665.0000E+00,-78.506702E+00
+665.5000E+00,-78.887886E+00
+666.0000E+00,-79.269070E+00
+666.5000E+00,-79.650254E+00
+667.0000E+00,-80.031438E+00
+667.5000E+00,-80.412622E+00
+668.0000E+00,-80.619383E+00
+668.5000E+00,-80.796791E+00
+669.0000E+00,-80.974199E+00
+669.5000E+00,-81.151607E+00
+670.0000E+00,-81.329015E+00
+670.5000E+00,-81.506423E+00
+671.0000E+00,-81.683831E+00
+671.5000E+00,-81.861239E+00
+672.0000E+00,-82.038647E+00
+672.5000E+00,-82.061034E+00
+673.0000E+00,-81.752810E+00
+673.5000E+00,-81.444586E+00
+674.0000E+00,-81.136362E+00
+674.5000E+00,-80.828138E+00
+675.0000E+00,-80.519914E+00
+675.5000E+00,-80.211690E+00
+676.0000E+00,-79.903466E+00
+676.5000E+00,-79.595242E+00
+677.0000E+00,-79.287018E+00
+677.5000E+00,-78.922907E+00
+678.0000E+00,-78.543259E+00
+678.5000E+00,-78.163611E+00
+679.0000E+00,-77.783963E+00
+679.5000E+00,-77.404315E+00
+680.0000E+00,-77.024667E+00
+680.5000E+00,-76.645019E+00
+681.0000E+00,-76.265371E+00
+681.5000E+00,-75.885723E+00
+682.0000E+00,-75.626918E+00
+682.5000E+00,-75.739046E+00
+683.0000E+00,-75.851174E+00
+683.5000E+00,-75.963302E+00
+684.0000E+00,-76.075430E+00
+684.5000E+00,-76.187558E+00
+685.0000E+00,-76.299686E+00
+685.5000E+00,-76.411814E+00
+686.0000E+00,-76.523942E+00
+686.5000E+00,-76.636070E+00
+687.0000E+00,-77.007017E+00
+687.5000E+00,-77.484201E+00
+688.0000E+00,-77.961385E+00
+688.5000E+00,-78.438569E+00
+689.0000E+00,-78.915753E+00
+689.5000E+00,-79.392937E+00
+690.0000E+00,-79.870121E+00
+690.5000E+00,-80.347305E+00
+691.0000E+00,-80.824489E+00
+691.5000E+00,-81.294662E+00
+692.0000E+00,-81.731142E+00
+692.5000E+00,-82.167622E+00
+693.0000E+00,-82.604102E+00
+693.5000E+00,-83.040582E+00
+694.0000E+00,-83.477062E+00
+694.5000E+00,-83.913542E+00
+695.0000E+00,-84.350022E+00
+695.5000E+00,-84.786502E+00
+696.0000E+00,-85.222982E+00
+696.5000E+00,-85.624973E+00
+697.0000E+00,-86.007181E+00
+697.5000E+00,-86.389389E+00
+698.0000E+00,-86.771597E+00
+698.5000E+00,-87.153805E+00
+699.0000E+00,-87.536013E+00
+699.5000E+00,-87.918221E+00
+700.0000E+00,-88.300429E+00
+700.5000E+00,-88.682637E+00
+701.0000E+00,-88.992995E+00
+701.5000E+00,-88.647651E+00
+702.0000E+00,-88.302307E+00
+702.5000E+00,-87.956963E+00
+703.0000E+00,-87.611619E+00
+703.5000E+00,-87.266275E+00
+704.0000E+00,-86.920931E+00
+704.5000E+00,-86.575587E+00
+705.0000E+00,-86.230243E+00
+705.5000E+00,-85.884899E+00
+706.0000E+00,-85.224325E+00
+706.5000E+00,-84.318085E+00
+707.0000E+00,-83.411845E+00
+707.5000E+00,-82.505605E+00
+708.0000E+00,-81.599365E+00
+708.5000E+00,-80.693125E+00
+709.0000E+00,-79.786885E+00
+709.5000E+00,-78.880645E+00
+710.0000E+00,-77.974405E+00
+710.5000E+00,-77.040873E+00
+711.0000E+00,-75.054569E+00
+711.5000E+00,-73.068265E+00
+712.0000E+00,-71.081961E+00
+712.5000E+00,-69.095657E+00
+713.0000E+00,-67.109353E+00
+713.5000E+00,-65.123049E+00
+714.0000E+00,-63.136745E+00
+714.5000E+00,-61.150441E+00
+715.0000E+00,-59.164137E+00
+715.5000E+00,-57.906698E+00
+716.0000E+00,-57.412362E+00
+716.5000E+00,-56.918026E+00
+717.0000E+00,-56.423690E+00
+717.5000E+00,-55.929354E+00
+718.0000E+00,-55.435018E+00
+718.5000E+00,-54.940682E+00
+719.0000E+00,-54.446346E+00
+719.5000E+00,-53.952010E+00
+720.0000E+00,-53.457674E+00
+720.5000E+00,-53.951364E+00
+721.0000E+00,-54.495108E+00
+721.5000E+00,-55.038852E+00
+722.0000E+00,-55.582596E+00
+722.5000E+00,-56.126340E+00
+723.0000E+00,-56.670084E+00
+723.5000E+00,-57.213828E+00
+724.0000E+00,-57.757572E+00
+724.5000E+00,-58.301316E+00
+725.0000E+00,-59.284085E+00
+725.5000E+00,-60.885621E+00
+726.0000E+00,-62.487157E+00
+726.5000E+00,-64.088693E+00
+727.0000E+00,-65.690229E+00
+727.5000E+00,-67.291765E+00
+728.0000E+00,-68.893301E+00
+728.5000E+00,-70.494837E+00
+729.0000E+00,-72.096373E+00
+729.5000E+00,-73.697909E+00
+730.0000E+00,-74.093158E+00
+730.5000E+00,-74.321254E+00
+731.0000E+00,-74.549350E+00
+731.5000E+00,-74.777446E+00
+732.0000E+00,-75.005542E+00
+732.5000E+00,-75.233638E+00
+733.0000E+00,-75.461734E+00
+733.5000E+00,-75.689830E+00
+734.0000E+00,-75.917926E+00
+734.5000E+00,-76.264850E+00
+735.0000E+00,-76.840850E+00
+735.5000E+00,-77.416850E+00
+736.0000E+00,-77.992850E+00
+736.5000E+00,-78.568850E+00
+737.0000E+00,-79.144850E+00
+737.5000E+00,-79.720850E+00
+738.0000E+00,-80.296850E+00
+738.5000E+00,-80.872850E+00
+739.0000E+00,-81.448850E+00
+739.5000E+00,-80.989543E+00
+740.0000E+00,-80.279143E+00
+740.5000E+00,-79.568743E+00
+741.0000E+00,-78.858343E+00
+741.5000E+00,-78.147943E+00
+742.0000E+00,-77.437543E+00
+742.5000E+00,-76.727143E+00
+743.0000E+00,-76.016743E+00
+743.5000E+00,-75.306343E+00
+744.0000E+00,-74.749731E+00
+744.5000E+00,-74.613027E+00
+745.0000E+00,-74.476323E+00
+745.5000E+00,-74.339619E+00
+746.0000E+00,-74.202915E+00
+746.5000E+00,-74.066211E+00
+747.0000E+00,-73.929507E+00
+747.5000E+00,-73.792803E+00
+748.0000E+00,-73.656099E+00
+748.5000E+00,-73.519395E+00
+749.0000E+00,-73.691789E+00
+749.5000E+00,-73.977741E+00
+750.0000E+00,-74.263693E+00
+750.5000E+00,-74.549645E+00
+751.0000E+00,-74.835597E+00
+751.5000E+00,-75.121549E+00
+752.0000E+00,-75.407501E+00
+752.5000E+00,-75.693453E+00
+753.0000E+00,-75.979405E+00
+753.5000E+00,-76.713570E+00
+754.0000E+00,-79.303010E+00
+754.5000E+00,-81.892450E+00
+755.0000E+00,-84.481890E+00
+755.5000E+00,-87.071330E+00
+756.0000E+00,-89.660770E+00
+756.5000E+00,-92.250210E+00
+757.0000E+00,-94.839650E+00
+757.5000E+00,-97.429090E+00
+758.0000E+00,-100.018530E+00
+758.5000E+00,-100.637617E+00
+759.0000E+00,-100.231857E+00
+759.5000E+00,-99.826097E+00
+760.0000E+00,-99.420337E+00
+760.5000E+00,-99.014577E+00
+761.0000E+00,-98.608817E+00
+761.5000E+00,-98.203057E+00
+762.0000E+00,-97.797297E+00
+762.5000E+00,-97.391537E+00
+763.0000E+00,-96.907564E+00
+763.5000E+00,-95.855916E+00
+764.0000E+00,-94.804268E+00
+764.5000E+00,-93.752620E+00
+765.0000E+00,-92.700972E+00
+765.5000E+00,-91.649324E+00
+766.0000E+00,-90.597676E+00
+766.5000E+00,-89.546028E+00
+767.0000E+00,-88.494380E+00
+767.5000E+00,-87.442732E+00
+768.0000E+00,-86.507618E+00
+768.5000E+00,-85.655394E+00
+769.0000E+00,-84.803170E+00
+769.5000E+00,-83.950946E+00
+770.0000E+00,-83.098722E+00
+770.5000E+00,-82.246498E+00
+771.0000E+00,-81.394274E+00
+771.5000E+00,-80.542050E+00
+772.0000E+00,-79.689826E+00
+772.5000E+00,-78.864621E+00
+773.0000E+00,-78.579949E+00
+773.5000E+00,-78.295277E+00
+774.0000E+00,-78.010605E+00
+774.5000E+00,-77.725933E+00
+775.0000E+00,-77.441261E+00
+775.5000E+00,-77.156589E+00
+776.0000E+00,-76.871917E+00
+776.5000E+00,-76.587245E+00
+777.0000E+00,-76.302573E+00
+777.5000E+00,-76.436663E+00
+778.0000E+00,-76.971703E+00
+778.5000E+00,-77.506743E+00
+779.0000E+00,-78.041783E+00
+779.5000E+00,-78.576823E+00
+780.0000E+00,-79.111863E+00
+780.5000E+00,-79.646903E+00
+781.0000E+00,-80.181943E+00
+781.5000E+00,-80.716983E+00
+782.0000E+00,-81.252023E+00
+782.5000E+00,-81.165122E+00
+783.0000E+00,-81.061698E+00
+783.5000E+00,-80.958274E+00
+784.0000E+00,-80.854850E+00
+784.5000E+00,-80.751426E+00
+785.0000E+00,-80.648002E+00
+785.5000E+00,-80.544578E+00
+786.0000E+00,-80.441154E+00
+786.5000E+00,-80.337730E+00
+787.0000E+00,-80.146858E+00
+787.5000E+00,-79.843498E+00
+788.0000E+00,-79.540138E+00
+788.5000E+00,-79.236778E+00
+789.0000E+00,-78.933418E+00
+789.5000E+00,-78.630058E+00
+790.0000E+00,-78.326698E+00
+790.5000E+00,-78.023338E+00
+791.0000E+00,-77.719978E+00
+791.5000E+00,-77.416618E+00
+792.0000E+00,-77.867197E+00
+792.5000E+00,-78.400957E+00
+793.0000E+00,-78.934717E+00
+793.5000E+00,-79.468477E+00
+794.0000E+00,-80.002237E+00
+794.5000E+00,-80.535997E+00
+795.0000E+00,-81.069757E+00
+795.5000E+00,-81.603517E+00
+796.0000E+00,-82.137277E+00
+796.5000E+00,-82.542761E+00
+797.0000E+00,-82.724009E+00
+797.5000E+00,-82.905257E+00
+798.0000E+00,-83.086505E+00
+798.5000E+00,-83.267753E+00
+799.0000E+00,-83.449001E+00
+799.5000E+00,-83.630249E+00
+800.0000E+00,-83.811497E+00
+800.5000E+00,-83.992745E+00
+801.0000E+00,-84.173993E+00
+801.5000E+00,-84.225862E+00
+802.0000E+00,-84.250694E+00
+802.5000E+00,-84.275526E+00
+803.0000E+00,-84.300358E+00
+803.5000E+00,-84.325190E+00
+804.0000E+00,-84.350022E+00
+804.5000E+00,-84.374854E+00
+805.0000E+00,-84.399686E+00
+805.5000E+00,-84.424518E+00
+806.0000E+00,-84.280590E+00
+806.5000E+00,-83.724302E+00
+807.0000E+00,-83.168014E+00
+807.5000E+00,-82.611726E+00
+808.0000E+00,-82.055438E+00
+808.5000E+00,-81.499150E+00
+809.0000E+00,-80.942862E+00
+809.5000E+00,-80.386574E+00
+810.0000E+00,-79.830286E+00
+810.5000E+00,-79.273998E+00
+811.0000E+00,-79.102620E+00
+811.5000E+00,-79.057052E+00
+812.0000E+00,-79.011484E+00
+812.5000E+00,-78.965916E+00
+813.0000E+00,-78.920348E+00
+813.5000E+00,-78.874780E+00
+814.0000E+00,-78.829212E+00
+814.5000E+00,-78.783644E+00
+815.0000E+00,-78.738076E+00
+815.5000E+00,-78.691953E+00
+816.0000E+00,-78.643825E+00
+816.5000E+00,-78.595697E+00
+817.0000E+00,-78.547569E+00
+817.5000E+00,-78.499441E+00
+818.0000E+00,-78.451313E+00
+818.5000E+00,-78.403185E+00
+819.0000E+00,-78.355057E+00
+819.5000E+00,-78.306929E+00
+820.0000E+00,-78.258801E+00
+820.5000E+00,-78.514347E+00
+821.0000E+00,-78.912683E+00
+821.5000E+00,-79.311019E+00
+822.0000E+00,-79.709355E+00
+822.5000E+00,-80.107691E+00
+823.0000E+00,-80.506027E+00
+823.5000E+00,-80.904363E+00
+824.0000E+00,-81.302699E+00
+824.5000E+00,-81.701035E+00
+825.0000E+00,-82.002103E+00
+825.5000E+00,-81.722295E+00
+826.0000E+00,-81.442487E+00
+826.5000E+00,-81.162679E+00
+827.0000E+00,-80.882871E+00
+827.5000E+00,-80.603063E+00
+828.0000E+00,-80.323255E+00
+828.5000E+00,-80.043447E+00
+829.0000E+00,-79.763639E+00
+829.5000E+00,-79.483831E+00
+830.0000E+00,-78.255374E+00
+830.5000E+00,-76.411918E+00
+831.0000E+00,-74.568462E+00
+831.5000E+00,-72.725006E+00
+832.0000E+00,-70.881550E+00
+832.5000E+00,-69.038094E+00
+833.0000E+00,-67.194638E+00
+833.5000E+00,-65.351182E+00
+834.0000E+00,-63.507726E+00
+834.5000E+00,-61.740085E+00
+835.0000E+00,-60.980533E+00
+835.5000E+00,-60.220981E+00
+836.0000E+00,-59.461429E+00
+836.5000E+00,-58.701877E+00
+837.0000E+00,-57.942325E+00
+837.5000E+00,-57.182773E+00
+838.0000E+00,-56.423221E+00
+838.5000E+00,-55.663669E+00
+839.0000E+00,-54.904117E+00
+839.5000E+00,-54.725100E+00
+840.0000E+00,-55.054316E+00
+840.5000E+00,-55.383532E+00
+841.0000E+00,-55.712748E+00
+841.5000E+00,-56.041964E+00
+842.0000E+00,-56.371180E+00
+842.5000E+00,-56.700396E+00
+843.0000E+00,-57.029612E+00
+843.5000E+00,-57.358828E+00
+844.0000E+00,-57.688044E+00
+844.5000E+00,-58.983044E+00
+845.0000E+00,-60.281476E+00
+845.5000E+00,-61.579908E+00
+846.0000E+00,-62.878340E+00
+846.5000E+00,-64.176772E+00
+847.0000E+00,-65.475204E+00
+847.5000E+00,-66.773636E+00
+848.0000E+00,-68.072068E+00
+848.5000E+00,-69.370500E+00
+849.0000E+00,-70.351412E+00
+849.5000E+00,-70.959156E+00
+850.0000E+00,-71.566900E+00
+850.5000E+00,-72.174644E+00
+851.0000E+00,-72.782388E+00
+851.5000E+00,-73.390132E+00
+852.0000E+00,-73.997876E+00
+852.5000E+00,-74.605620E+00
+853.0000E+00,-75.213364E+00
+853.5000E+00,-75.821108E+00
+854.0000E+00,-76.427906E+00
+854.5000E+00,-77.034626E+00
+855.0000E+00,-77.641346E+00
+855.5000E+00,-78.248066E+00
+856.0000E+00,-78.854786E+00
+856.5000E+00,-79.461506E+00
+857.0000E+00,-80.068226E+00
+857.5000E+00,-80.674946E+00
+858.0000E+00,-81.281666E+00
+858.5000E+00,-81.670763E+00
+859.0000E+00,-81.714027E+00
+859.5000E+00,-81.757291E+00
+860.0000E+00,-81.800555E+00
+860.5000E+00,-81.843819E+00
+861.0000E+00,-81.887083E+00
+861.5000E+00,-81.930347E+00
+862.0000E+00,-81.973611E+00
+862.5000E+00,-82.016875E+00
+863.0000E+00,-82.060139E+00
+863.5000E+00,-81.553424E+00
+864.0000E+00,-80.949264E+00
+864.5000E+00,-80.345104E+00
+865.0000E+00,-79.740944E+00
+865.5000E+00,-79.136784E+00
+866.0000E+00,-78.532624E+00
+866.5000E+00,-77.928464E+00
+867.0000E+00,-77.324304E+00
+867.5000E+00,-76.720144E+00
+868.0000E+00,-76.213500E+00
+868.5000E+00,-75.921148E+00
+869.0000E+00,-75.628796E+00
+869.5000E+00,-75.336444E+00
+870.0000E+00,-75.044092E+00
+870.5000E+00,-74.751740E+00
+871.0000E+00,-74.459388E+00
+871.5000E+00,-74.167036E+00
+872.0000E+00,-73.874684E+00
+872.5000E+00,-73.582332E+00
+873.0000E+00,-73.481485E+00
+873.5000E+00,-73.435917E+00
+874.0000E+00,-73.390349E+00
+874.5000E+00,-73.344781E+00
+875.0000E+00,-73.299213E+00
+875.5000E+00,-73.253645E+00
+876.0000E+00,-73.208077E+00
+876.5000E+00,-73.162509E+00
+877.0000E+00,-73.116941E+00
+877.5000E+00,-73.116759E+00
+878.0000E+00,-73.260887E+00
+878.5000E+00,-73.405015E+00
+879.0000E+00,-73.549143E+00
+879.5000E+00,-73.693271E+00
+880.0000E+00,-73.837399E+00
+880.5000E+00,-73.981527E+00
+881.0000E+00,-74.125655E+00
+881.5000E+00,-74.269783E+00
+882.0000E+00,-74.413911E+00
+882.5000E+00,-74.248168E+00
+883.0000E+00,-73.951208E+00
+883.5000E+00,-73.654248E+00
+884.0000E+00,-73.357288E+00
+884.5000E+00,-73.060328E+00
+885.0000E+00,-72.763368E+00
+885.5000E+00,-72.466408E+00
+886.0000E+00,-72.169448E+00
+886.5000E+00,-71.872488E+00
+887.0000E+00,-71.618390E+00
+887.5000E+00,-71.579990E+00
+888.0000E+00,-71.541590E+00
+888.5000E+00,-71.503190E+00
+889.0000E+00,-71.464790E+00
+889.5000E+00,-71.426390E+00
+890.0000E+00,-71.387990E+00
+890.5000E+00,-71.349590E+00
+891.0000E+00,-71.311190E+00
+891.5000E+00,-71.272790E+00
+892.0000E+00,-71.695262E+00
+892.5000E+00,-72.389534E+00
+893.0000E+00,-73.083806E+00
+893.5000E+00,-73.778078E+00
+894.0000E+00,-74.472350E+00
+894.5000E+00,-75.166622E+00
+895.0000E+00,-75.860894E+00
+895.5000E+00,-76.555166E+00
+896.0000E+00,-77.249438E+00
+896.5000E+00,-77.948600E+00
+897.0000E+00,-78.695864E+00
+897.5000E+00,-79.443128E+00
+898.0000E+00,-80.190392E+00
+898.5000E+00,-80.937656E+00
+899.0000E+00,-81.684920E+00
+899.5000E+00,-82.432184E+00
+900.0000E+00,-83.179448E+00
+900.5000E+00,-83.926712E+00
+901.0000E+00,-84.673976E+00
+901.5000E+00,-85.507425E+00
+902.0000E+00,-86.409825E+00
+902.5000E+00,-87.312225E+00
+903.0000E+00,-88.214625E+00
+903.5000E+00,-89.117025E+00
+904.0000E+00,-90.019425E+00
+904.5000E+00,-90.921825E+00
+905.0000E+00,-91.824225E+00
+905.5000E+00,-92.726625E+00
+906.0000E+00,-93.577550E+00
+906.5000E+00,-91.741774E+00
+907.0000E+00,-89.905998E+00
+907.5000E+00,-88.070222E+00
+908.0000E+00,-86.234446E+00
+908.5000E+00,-84.398670E+00
+909.0000E+00,-82.562894E+00
+909.5000E+00,-80.727118E+00
+910.0000E+00,-78.891342E+00
+910.5000E+00,-77.055566E+00
+911.0000E+00,-75.990586E+00
+911.5000E+00,-75.753786E+00
+912.0000E+00,-75.516986E+00
+912.5000E+00,-75.280186E+00
+913.0000E+00,-75.043386E+00
+913.5000E+00,-74.806586E+00
+914.0000E+00,-74.569786E+00
+914.5000E+00,-74.332986E+00
+915.0000E+00,-74.096186E+00
+915.5000E+00,-73.859386E+00
+916.0000E+00,-74.087710E+00
+916.5000E+00,-74.342942E+00
+917.0000E+00,-74.598174E+00
+917.5000E+00,-74.853406E+00
+918.0000E+00,-75.108638E+00
+918.5000E+00,-75.363870E+00
+919.0000E+00,-75.619102E+00
+919.5000E+00,-75.874334E+00
+920.0000E+00,-76.129566E+00
+920.5000E+00,-76.350491E+00
+921.0000E+00,-76.521755E+00
+921.5000E+00,-76.693019E+00
+922.0000E+00,-76.864283E+00
+922.5000E+00,-77.035547E+00
+923.0000E+00,-77.206811E+00
+923.5000E+00,-77.378075E+00
+924.0000E+00,-77.549339E+00
+924.5000E+00,-77.720603E+00
+925.0000E+00,-77.891867E+00
+925.5000E+00,-78.100849E+00
+926.0000E+00,-78.315377E+00
+926.5000E+00,-78.529905E+00
+927.0000E+00,-78.744433E+00
+927.5000E+00,-78.958961E+00
+928.0000E+00,-79.173489E+00
+928.5000E+00,-79.388017E+00
+929.0000E+00,-79.602545E+00
+929.5000E+00,-79.817073E+00
+930.0000E+00,-80.105631E+00
+930.5000E+00,-80.541087E+00
+931.0000E+00,-80.976543E+00
+931.5000E+00,-81.411999E+00
+932.0000E+00,-81.847455E+00
+932.5000E+00,-82.282911E+00
+933.0000E+00,-82.718367E+00
+933.5000E+00,-83.153823E+00
+934.0000E+00,-83.589279E+00
+934.5000E+00,-84.024735E+00
+935.0000E+00,-83.438111E+00
+935.5000E+00,-82.593311E+00
+936.0000E+00,-81.748511E+00
+936.5000E+00,-80.903711E+00
+937.0000E+00,-80.058911E+00
+937.5000E+00,-79.214111E+00
+938.0000E+00,-78.369311E+00
+938.5000E+00,-77.524511E+00
+939.0000E+00,-76.679711E+00
+939.5000E+00,-76.097228E+00
+940.0000E+00,-76.255180E+00
+940.5000E+00,-76.413132E+00
+941.0000E+00,-76.571084E+00
+941.5000E+00,-76.729036E+00
+942.0000E+00,-76.886988E+00
+942.5000E+00,-77.044940E+00
+943.0000E+00,-77.202892E+00
+943.5000E+00,-77.360844E+00
+944.0000E+00,-77.518796E+00
+944.5000E+00,-77.886619E+00
+945.0000E+00,-78.334107E+00
+945.5000E+00,-78.781595E+00
+946.0000E+00,-79.229083E+00
+946.5000E+00,-79.676571E+00
+947.0000E+00,-80.124059E+00
+947.5000E+00,-80.571547E+00
+948.0000E+00,-81.019035E+00
+948.5000E+00,-81.466523E+00
+949.0000E+00,-81.895712E+00
+949.5000E+00,-82.245920E+00
+950.0000E+00,-82.596128E+00
+950.5000E+00,-82.946336E+00
+951.0000E+00,-83.296544E+00
+951.5000E+00,-83.646752E+00
+952.0000E+00,-83.996960E+00
+952.5000E+00,-84.347168E+00
+953.0000E+00,-84.697376E+00
+953.5000E+00,-85.047584E+00
+954.0000E+00,-84.568210E+00
+954.5000E+00,-83.644818E+00
+955.0000E+00,-82.721426E+00
+955.5000E+00,-81.798034E+00
+956.0000E+00,-80.874642E+00
+956.5000E+00,-79.951250E+00
+957.0000E+00,-79.027858E+00
+957.5000E+00,-78.104466E+00
+958.0000E+00,-77.181074E+00
+958.5000E+00,-76.352081E+00
+959.0000E+00,-76.252241E+00
+959.5000E+00,-76.152401E+00
+960.0000E+00,-76.052561E+00
+960.5000E+00,-75.952721E+00
+961.0000E+00,-75.852881E+00
+961.5000E+00,-75.753041E+00
+962.0000E+00,-75.653201E+00
+962.5000E+00,-75.553361E+00
+963.0000E+00,-75.453521E+00
+963.5000E+00,-76.181540E+00
+964.0000E+00,-77.514276E+00
+964.5000E+00,-78.847012E+00
+965.0000E+00,-80.179748E+00
+965.5000E+00,-81.512484E+00
+966.0000E+00,-82.845220E+00
+966.5000E+00,-84.177956E+00
+967.0000E+00,-85.510692E+00
+967.5000E+00,-86.843428E+00
+968.0000E+00,-88.080961E+00
+968.5000E+00,-87.099457E+00
+969.0000E+00,-86.117953E+00
+969.5000E+00,-85.136449E+00
+970.0000E+00,-84.154945E+00
+970.5000E+00,-83.173441E+00
+971.0000E+00,-82.191937E+00
+971.5000E+00,-81.210433E+00
+972.0000E+00,-80.228929E+00
+972.5000E+00,-79.247425E+00
+973.0000E+00,-78.779064E+00
+973.5000E+00,-78.814904E+00
+974.0000E+00,-78.850744E+00
+974.5000E+00,-78.886584E+00
+975.0000E+00,-78.922424E+00
+975.5000E+00,-78.958264E+00
+976.0000E+00,-78.994104E+00
+976.5000E+00,-79.029944E+00
+977.0000E+00,-79.065784E+00
+977.5000E+00,-79.101624E+00
+978.0000E+00,-79.980946E+00
+978.5000E+00,-80.888466E+00
+979.0000E+00,-81.795986E+00
+979.5000E+00,-82.703506E+00
+980.0000E+00,-83.611026E+00
+980.5000E+00,-84.518546E+00
+981.0000E+00,-85.426066E+00
+981.5000E+00,-86.333586E+00
+982.0000E+00,-87.241106E+00
+982.5000E+00,-87.533303E+00
+983.0000E+00,-87.012855E+00
+983.5000E+00,-86.492407E+00
+984.0000E+00,-85.971959E+00
+984.5000E+00,-85.451511E+00
+985.0000E+00,-84.931063E+00
+985.5000E+00,-84.410615E+00
+986.0000E+00,-83.890167E+00
+986.5000E+00,-83.369719E+00
+987.0000E+00,-82.849271E+00
+987.5000E+00,-82.960833E+00
+988.0000E+00,-83.147201E+00
+988.5000E+00,-83.333569E+00
+989.0000E+00,-83.519937E+00
+989.5000E+00,-83.706305E+00
+990.0000E+00,-83.892673E+00
+990.5000E+00,-84.079041E+00
+991.0000E+00,-84.265409E+00
+991.5000E+00,-84.451777E+00
+992.0000E+00,-84.452949E+00
+992.5000E+00,-84.121173E+00
+993.0000E+00,-83.789397E+00
+993.5000E+00,-83.457621E+00
+994.0000E+00,-83.125845E+00
+994.5000E+00,-82.794069E+00
+995.0000E+00,-82.462293E+00
+995.5000E+00,-82.130517E+00
+996.0000E+00,-81.798741E+00
+996.5000E+00,-81.466965E+00
+997.0000E+00,-81.063337E+00
+997.5000E+00,-80.644009E+00
+998.0000E+00,-80.224681E+00
+998.5000E+00,-79.805353E+00
+999.0000E+00,-79.386025E+00
+999.5000E+00,-78.966697E+00
+1.0000000E+03,-78.547369E+00
+1.0005000E+03,-78.128041E+00
+1.0010000E+03,-77.708713E+00
+1.0015000E+03,-77.600342E+00
+1.0020000E+03,-78.276182E+00
+1.0025000E+03,-78.952022E+00
+1.0030000E+03,-79.627862E+00
+1.0035000E+03,-80.303702E+00
+1.0040000E+03,-80.979542E+00
+1.0045000E+03,-81.655382E+00
+1.0050000E+03,-82.331222E+00
+1.0055000E+03,-83.007062E+00
+1.0060000E+03,-83.682902E+00
+1.0065000E+03,-84.146611E+00
+1.0070000E+03,-84.538547E+00
+1.0075000E+03,-84.930483E+00
+1.0080000E+03,-85.322419E+00
+1.0085000E+03,-85.714355E+00
+1.0090000E+03,-86.106291E+00
+1.0095000E+03,-86.498227E+00
+1.0100000E+03,-86.890163E+00
+1.0105000E+03,-87.282099E+00
+1.0110000E+03,-87.435369E+00
+1.0115000E+03,-86.693225E+00
+1.0120000E+03,-85.951081E+00
+1.0125000E+03,-85.208937E+00
+1.0130000E+03,-84.466793E+00
+1.0135000E+03,-83.724649E+00
+1.0140000E+03,-82.982505E+00
+1.0145000E+03,-82.240361E+00